0.11347517730496454
0.25
0.25
0.18269230769230768
0.1346153846153846
0.18181818181818182
0.16666666666666666
0.17699115044247787
0.06666666666666667
0.22377622377622378
0.056179775280898875
0.21495327102803738
0.20588235294117646
0.04
0.22018348623853212
0.17142857142857143
0.08633093525179857
0.1232876712328767
0.17142857142857143
0.125
0.031007751937984496
0.12403100775193798
0.14583333333333334
0.11304347826086956
0.0967741935483871
0.14285714285714285
0.11
0.06521739130434782
0.11
0.08
0.18446601941747573
0.019801980198019802
0.011235955056179775
0.23958333333333334
0.09821428571428571
0.30434782608695654
0.2
0.15789473684210525
0.14166666666666666
0.06593406593406594
0.35365853658536583
0.2698412698412698
0.044444444444444446
0.16071428571428573
0.1111111111111111
0.05434782608695652
0.19285714285714287
0.06481481481481481
0.13333333333333333
0.16304347826086957
0.1889763779527559
0.19148936170212766
0.23076923076923078
0.09900990099009901
0.013157894736842105
0.08695652173913043
0.14583333333333334
0.1836734693877551
0.11764705882352941
0.16666666666666666
0.13541666666666666
0.12359550561797752
0.14728682170542637
0.06666666666666667
0.3047619047619048
0.16326530612244897
0.11304347826086956
0.19327731092436976
0.20175438596491227
0.3157894736842105
0.010526315789473684
0.04395604395604396
0.08163265306122448
0.20909090909090908
0.20535714285714285
0.2672413793103448
0.3132530120481928
0.0782608695652174
0.1984732824427481
0.11235955056179775
0.20512820512820512
0.2236842105263158
0.2457627118644068
0.13592233009708737
0.2119205298013245
0.19469026548672566
0.1926605504587156
0.11904761904761904
0.19626168224299065
0.05434782608695652
0.21052631578947367
0.18691588785046728
0.15151515151515152
0.03125
0.02830188679245283
0.08823529411764706
0.05102040816326531
0.2268041237113402
0.12631578947368421
0.1623931623931624
0.1322314049586777
0.15
0.2550335570469799
0.20634920634920634
0.14285714285714285
0.2524271844660194
0.16666666666666666
0.23943661971830985
0.23275862068965517
0.23529411764705882
0.21428571428571427
0.16339869281045752
0.10101010101010101
0.21794871794871795
0.09803921568627451
0.23300970873786409
0.14838709677419354
0.056179775280898875
0.48360655737704916
0.1346153846153846
0.3008130081300813
0.13043478260869565
0.31297709923664124
0.16161616161616163
0.35964912280701755
0.1566265060240964
0.2346368715083799
0.3185840707964602
0.2074074074074074
0.18376068376068377
0.07142857142857142
0.25225225225225223
0.19607843137254902
0.20491803278688525
0.22388059701492538
0.23529411764705882
0.1746031746031746
0.38738738738738737
0.18691588785046728
0.11666666666666667
0.14150943396226415
0.21875
0.18181818181818182
0.3392857142857143
0.0851063829787234
0.20121951219512196
0.25196850393700787
0.1497326203208556
0.24848484848484848
0.2482758620689655
0.1702127659574468
0.25806451612903225
0.30357142857142855
0.16831683168316833
0.15178571428571427
0.1452991452991453
0.24786324786324787
0.10084033613445378
0.31896551724137934
0.2196969696969697
0.18181818181818182
0.226890756302521
0.09285714285714286
0.12244897959183673
0.1590909090909091
0.21739130434782608
0.1827956989247312
0.1282051282051282
0.3333333333333333
0.09090909090909091
0.1111111111111111
0.07339449541284404
0.2777777777777778
0.28688524590163933
0.38392857142857145
0.09905660377358491
0.05555555555555555
0.09322033898305085
0.13076923076923078
0.19658119658119658
0.24545454545454545
0.10101010101010101
0.21212121212121213
0.2191780821917808
0.24806201550387597
0.08080808080808081
0.2138728323699422
0.37623762376237624
0.2357142857142857
0.2692307692307692
0.1893939393939394
0.07777777777777778
0.34375
0.2857142857142857
0.3114754098360656
0.11538461538461539
0.2755905511811024
0.2647058823529412
0.08791208791208792
0.07272727272727272
0.2318840579710145
0.208955223880597
0.21518987341772153
0.15853658536585366
0.19718309859154928
0.1650485436893204
0.13402061855670103
0.35185185185185186
0.20192307692307693
0.05825242718446602
0.18620689655172415
0.21100917431192662
0.24603174603174602
0.22330097087378642
0.2033898305084746
0.08571428571428572
0.22330097087378642
0.25384615384615383
0.1111111111111111
0.1981981981981982
0.2562814070351759
0.19014084507042253
0.2303370786516854
0.21678321678321677
0.189873417721519
0.050505050505050504
0.136986301369863
0.1927710843373494
0.21897810218978103
0.20958083832335328
0.1875
0.1656441717791411
0.29441624365482233
0.22900763358778625
0.1888111888111888
0.07964601769911504
0.24675324675324675
0.22105263157894736
0.2601626016260163
0.2781456953642384
0.14285714285714285
0.21359223300970873
0.009523809523809525
0.22674418604651161
0.25
0.16521739130434782
0.17297297297297298
0.13768115942028986
0.20610687022900764
0.32
0.2868217054263566
0.17293233082706766
0.2803738317757009
0.19230769230769232
0.2158273381294964
0.21359223300970873
0.3006535947712418
0.11818181818181818
0.25165562913907286
0.2857142857142857
0.060240963855421686
0.1144578313253012
0.14788732394366197
0.2537313432835821
0.17355371900826447
0.25
0.11458333333333333
0.10869565217391304
0.20666666666666667
0.18493150684931506
0.19387755102040816
0.14545454545454545
0.24444444444444444
0.11009174311926606
0.2198581560283688
0.033707865168539325
0.06422018348623854
0.1518987341772152
0.11678832116788321
0.32857142857142857
0.23300970873786409
0.14705882352941177
0.20454545454545456
0.1870967741935484
0.145985401459854
0.23880597014925373
0.12244897959183673
0.1721311475409836
0.2782608695652174
0.1958041958041958
0.3282442748091603
0.13333333333333333
0.25806451612903225
0.28776978417266186
0.15151515151515152
0.12307692307692308
0.09285714285714286
0.05825242718446602
0.14545454545454545
0.27927927927927926
0.174496644295302
0.0641025641025641
0.15254237288135594
0.22900763358778625
0.15328467153284672
0.08256880733944955
0.19708029197080293
0.1836734693877551
0.18604651162790697
0.27607361963190186
0.3137254901960784
0.2545454545454545
0.008403361344537815
0.15384615384615385
0.18333333333333332
0.2911392405063291
0.16666666666666666
0.024193548387096774
0.2709677419354839
0.2546583850931677
0.24427480916030533
0.19230769230769232
0.15178571428571427
0.2631578947368421
0.10606060606060606
0.22972972972972974
0.07547169811320754
0.1625
0.26582278481012656
0.07142857142857142
0.20833333333333334
0.2647058823529412
0.23469387755102042
0.23741007194244604
0.24166666666666667
0.11403508771929824
0.32894736842105265
0.1897810218978102
0.23030303030303031
0.18032786885245902
0.21875
0.2631578947368421
0.04950495049504951
0.2828282828282828
0.2518518518518518
0.041237113402061855
0.17266187050359713
0.1323529411764706
0.26851851851851855
0.05434782608695652
0.26732673267326734
0.2857142857142857
0.15833333333333333
0.2
0.176
0.24083769633507854
0.12087912087912088
0.09482758620689655
0.22988505747126436
0.2236024844720497
0.1048951048951049
0.20491803278688525
0.16
0.06451612903225806
0.12650602409638553
0.11805555555555555
0.17164179104477612
0.05172413793103448
0.3238095238095238
0.2945205479452055
0.1402439024390244
0.2222222222222222
0.30357142857142855
0.19424460431654678
0.03636363636363636
0.04794520547945205
0.21951219512195122
0.3442622950819672
0.2803030303030303
0.18181818181818182
0.1826086956521739
0.1366906474820144
0.21818181818181817
0.102803738317757
0.19285714285714287
0.15714285714285714
0.09183673469387756
0.061855670103092786
0.1568627450980392
0.11965811965811966
0.24812030075187969
0.2857142857142857
0.20441988950276244
0.25170068027210885
0.2109375
0.05714285714285714
0.18181818181818182
0.10810810810810811
0.23636363636363636
0.23684210526315788
0.1588785046728972
0.06
0.010752688172043012
0.16161616161616163
0.1111111111111111
0.11235955056179775
0.18115942028985507
0.12087912087912088
0.10091743119266056
0.13541666666666666
0.16666666666666666
0.13725490196078433
0.12962962962962962
0.21296296296296297
0.24545454545454545
0.2
0.0425531914893617
0.14814814814814814
0.18446601941747573
0.17763157894736842
0.22018348623853212
0.18947368421052632
0.0196078431372549
0.10476190476190476
0.03260869565217391
0.1694915254237288
0.27972027972027974
0.13978494623655913
0.19008264462809918
0.2857142857142857
0.15625
0.14678899082568808
0.273972602739726
0.1717171717171717
0.07407407407407407
0.20535714285714285
0.12280701754385964
0.25547445255474455
0.07317073170731707
0.0594059405940594
0.009708737864077669
0.272
0.1595744680851064
0.0
0.29333333333333333
0.12295081967213115
0.26506024096385544
0.07446808510638298
0.2631578947368421
0.21052631578947367
0.10989010989010989
0.09322033898305085
0.18947368421052632
0.22018348623853212
0.10714285714285714
0.21621621621621623
0.18
0.14965986394557823
0.08888888888888889
0.27835051546391754
0.34
0.11702127659574468
0.17880794701986755
0.14893617021276595
0.09259259259259259
0.3225806451612903
0.11864406779661017
0.057692307692307696
0.24113475177304963
0.09900990099009901
0.16363636363636364
0.2857142857142857
0.3141025641025641
0.2
0.07894736842105263
0.20168067226890757
0.08421052631578947
0.19834710743801653
0.17708333333333334
0.18548387096774194
0.15568862275449102
0.16304347826086957
0.19230769230769232
0.05555555555555555
0.33774834437086093
0.11818181818181818
0.1
0.18888888888888888
0.19387755102040816
0.22105263157894736
0.28859060402684567
0.056179775280898875
0.21379310344827587
0.12612612612612611
0.2109375
0.15789473684210525
0.2717391304347826
0.25
0.07563025210084033
0.1016949152542373
0.0
0.1984126984126984
0.23684210526315788
0.1834862385321101
0.16911764705882354
0.14545454545454545
0.21487603305785125
0.145985401459854
0.19387755102040816
0.09375
0.12244897959183673
0.27419354838709675
0.12403100775193798
0.25301204819277107
0.1388888888888889
0.14960629921259844
0.22321428571428573
0.15
0.2578125
0.15463917525773196
0.056074766355140186
0.21428571428571427
0.1595744680851064
0.16842105263157894
0.16
0.273972602739726
0.24324324324324326
0.25
0.275
0.1322314049586777
0.17857142857142858
0.10784313725490197
0.010101010101010102
0.16304347826086957
0.06504065040650407
0.2087912087912088
0.08130081300813008
0.1134020618556701
0.010638297872340425
0.16417910447761194
0.1016949152542373
0.1328125
0.14285714285714285
0.08870967741935484
0.10526315789473684
0.03296703296703297
0.21656050955414013
0.08695652173913043
0.1388888888888889
0.22727272727272727
0.1694915254237288
0.1650485436893204
0.2672413793103448
0.17543859649122806
0.18518518518518517
0.05263157894736842
0.2261904761904762
0.09782608695652174
0.14705882352941177
0.12903225806451613
0.15934065934065933
0.09473684210526316
0.22340425531914893
0.08653846153846154
0.07142857142857142
0.1297709923664122
0.15476190476190477
0.13333333333333333
0.07526881720430108
0.15517241379310345
0.13513513513513514
0.2222222222222222
0.09183673469387756
0.1826086956521739
0.23931623931623933
0.14814814814814814
0.08771929824561403
0.18518518518518517
0.061224489795918366
0.2727272727272727
0.24347826086956523
0.2236842105263158
0.24390243902439024
0.1368421052631579
0.2828282828282828
0.10833333333333334
0.2403846153846154
0.09
0.10317460317460317
0.19827586206896552
0.14
0.25806451612903225
0.07407407407407407
0.28378378378378377
0.0392156862745098
0.25609756097560976
0.1864406779661017
0.05102040816326531
0.17692307692307693
0.2608695652173913
0.28
0.11538461538461539
0.2608695652173913
0.21052631578947367
0.13333333333333333
0.16346153846153846
0.2727272727272727
0.22857142857142856
0.05102040816326531
0.1111111111111111
0.14563106796116504
0.16666666666666666
0.13157894736842105
0.17142857142857143
0.11538461538461539
0.25663716814159293
0.10185185185185185
0.275
0.16666666666666666
0.21929824561403508
0.2828282828282828
0.125
0.19444444444444445
0.1864406779661017
0.08888888888888889
0.10989010989010989
0.30973451327433627
0.11235955056179775
0.10101010101010101
0.19083969465648856
0.0297029702970297
0.1888111888111888
0.29464285714285715
0.1485148514851485
0.24742268041237114
0.05263157894736842
0.15306122448979592
0.2
0.13392857142857142
0.22826086956521738
0.18269230769230768
0.26666666666666666
0.28
0.18888888888888888
0.044642857142857144
0.12087912087912088
0.2127659574468085
0.18803418803418803
0.043478260869565216
0.15217391304347827
0.17829457364341086
0.22727272727272727
0.09278350515463918
0.22131147540983606
0.2871287128712871
0.0660377358490566
0.21212121212121213
0.09448818897637795
0.19090909090909092
0.26785714285714285
0.14545454545454545
0.16666666666666666
0.0707070707070707
0.0945945945945946
0.08490566037735849
0.14634146341463414
0.145985401459854
0.22388059701492538
0.18947368421052632
0.21505376344086022
0.19658119658119658
0.18018018018018017
0.2631578947368421
0.2336448598130841
0.033707865168539325
0.0967741935483871
0.23275862068965517
0.13592233009708737
0.2631578947368421
0.08333333333333333
0.23655913978494625
0.14893617021276595
0.1619047619047619
0.08641975308641975
0.21568627450980393
0.2066115702479339
0.05154639175257732
0.2835820895522388
0.041237113402061855
0.21100917431192662
0.13636363636363635
0.09375
0.2641509433962264
0.04081632653061224
0.08823529411764706
0.12408759124087591
0.19387755102040816
0.1937984496124031
0.07142857142857142
0.13761467889908258
0.10884353741496598
0.11224489795918367
0.21782178217821782
0.17647058823529413
0.2112676056338028
0.16346153846153846
0.21428571428571427
0.08148148148148149
0.14893617021276595
0.09836065573770492
0.21212121212121213
0.07777777777777778
0.125
0.1111111111111111
0.2916666666666667
0.2
0.20224719101123595
0.20618556701030927
0.056179775280898875
0.0970873786407767
0.056179775280898875
0.13
0.14383561643835616
0.1935483870967742
0.2556390977443609
0.2777777777777778
0.08759124087591241
0.19491525423728814
0.184
0.20909090909090908
0.20833333333333334
0.15384615384615385
0.109375
0.10576923076923077
0.07142857142857142
0.18803418803418803
0.34285714285714286
0.1
0.1864406779661017
0.1896551724137931
0.14285714285714285
0.216
0.044444444444444446
0.29245283018867924
0.2265625
0.1111111111111111
0.08264462809917356
0.09
0.12871287128712872
0.23148148148148148
0.16822429906542055
0.15463917525773196
0.13636363636363635
0.376
0.06363636363636363
0.17757009345794392
0.04081632653061224
0.1388888888888889
0.010101010101010102
0.1322314049586777
0.1134020618556701
0.12149532710280374
0.10810810810810811
0.18382352941176472
0.19148936170212766
0.1111111111111111
0.3
0.19148936170212766
0.14606741573033707
0.20634920634920634
0.1134020618556701
0.2376237623762376
0.23577235772357724
0.07291666666666667
0.031914893617021274
0.13793103448275862
0.045454545454545456
0.08653846153846154
0.10638297872340426
0.20618556701030927
0.17073170731707318
0.13513513513513514
0.10891089108910891
0.03773584905660377
0.02247191011235955
0.06140350877192982
0.06666666666666667
0.15555555555555556
0.06542056074766354
0.1651376146788991
0.13592233009708737
0.1566265060240964
0.05454545454545454
0.11607142857142858
0.0449438202247191
0.19
0.17391304347826086
0.13043478260869565
0.11818181818181818
0.17543859649122806
0.3333333333333333
0.2222222222222222
0.07608695652173914
0.27906976744186046
0.18627450980392157
0.13333333333333333
0.18811881188118812
0.08163265306122448
0.125
0.12389380530973451
0.03125
0.14583333333333334
0.022222222222222223
0.08571428571428572
0.10091743119266056
0.12222222222222222
0.07563025210084033
0.0989010989010989
0.12962962962962962
0.022222222222222223
0.1588785046728972
0.1484375
0.11428571428571428
0.07865168539325842
0.12686567164179105
0.16826923076923078
0.23529411764705882
0.03225806451612903
0.09352517985611511
0.13402061855670103
0.17142857142857143
0.08602150537634409
0.1414141414141414
0.1276595744680851
0.021739130434782608
0.25225225225225223
0.027777777777777776
0.19642857142857142
0.10112359550561797
0.11538461538461539
0.12222222222222222
0.16666666666666666
0.04040404040404041
0.23529411764705882
0.06666666666666667
0.2727272727272727
0.033707865168539325
0.14150943396226415
0.16129032258064516
0.1450381679389313
0.20535714285714285
0.25
0.15053763440860216
0.25
0.07758620689655173
0.1565217391304348
0.1111111111111111
0.0891089108910891
0.15966386554621848
0.16037735849056603
0.07207207207207207
0.12903225806451613
0.07777777777777778
0.02197802197802198
0.14615384615384616
0.2625
0.1095890410958904
0.22764227642276422
0.14678899082568808
0.07142857142857142
0.11235955056179775
0.10638297872340426
0.044444444444444446
0.08737864077669903
0.08163265306122448
0.19444444444444445
0.08653846153846154
0.07476635514018691
0.035398230088495575
0.09574468085106383
0.3684210526315789
0.09433962264150944
0.1349206349206349
0.2112676056338028
0.05319148936170213
0.011111111111111112
0.0967741935483871
0.05102040816326531
0.04040404040404041
0.09473684210526316
0.1322314049586777
0.2222222222222222
0.10526315789473684
0.18548387096774194
0.11827956989247312
0.061855670103092786
0.2
0.08208955223880597
0.043478260869565216
0.13043478260869565
0.15625
0.15384615384615385
0.1574074074074074
0.11235955056179775
0.12631578947368421
0.010309278350515464
0.22137404580152673
0.09375
0.16363636363636364
0.1111111111111111
0.14285714285714285
0.10309278350515463
0.22935779816513763
0.12844036697247707
0.09090909090909091
0.06428571428571428
0.12307692307692308
0.1308411214953271
0.14655172413793102
0.10526315789473684
0.19852941176470587
0.1357142857142857
0.26666666666666666
0.044444444444444446
0.13157894736842105
0.14545454545454545
0.14285714285714285
0.09876543209876543
0.010638297872340425
0.030303030303030304
0.2708333333333333
0.020833333333333332
0.16346153846153846
0.12931034482758622
0.0
0.06666666666666667
0.0
0.1650485436893204
0.02
0.12222222222222222
0.09375
0.17391304347826086
0.1276595744680851
0.09174311926605505
0.033707865168539325
0.18811881188118812
0.16842105263157894
0.11538461538461539
0.22549019607843138
0.03669724770642202
0.1485148514851485
0.0380952380952381
0.15789473684210525
0.14093959731543623
0.17475728155339806
0.08080808080808081
0.1
0.2054794520547945
0.2018348623853211
0.16129032258064516
0.06
0.042105263157894736
0.2112676056338028
0.15503875968992248
0.13978494623655913
0.23478260869565218
0.08849557522123894
0.11320754716981132
0.18867924528301888
0.0
0.08888888888888889
0.3
0.056179775280898875
0.05555555555555555
0.12222222222222222
0.030927835051546393
0.31683168316831684
0.10655737704918032
0.12307692307692308
0.08536585365853659
0.2289156626506024
0.1953125
0.044444444444444446
0.07142857142857142
0.26136363636363635
0.21818181818181817
0.18269230769230768
0.09574468085106383
0.2653061224489796
0.0425531914893617
0.125
0.20869565217391303
0.23529411764705882
0.17592592592592593
0.17346938775510204
0.15151515151515152
0.18181818181818182
0.14516129032258066
0.0297029702970297
0.11504424778761062
0.056910569105691054
0.08791208791208792
0.1839080459770115
0.1523809523809524
0.19491525423728814
0.09210526315789473
0.15384615384615385
0.12844036697247707
0.11578947368421053
0.18421052631578946
0.16129032258064516
0.19148936170212766
0.07627118644067797
0.17204301075268819
0.19607843137254902
0.1702127659574468
0.1686746987951807
0.04504504504504504
0.25
0.03125
0.08
0.14893617021276595
0.07547169811320754
0.041666666666666664
0.12173913043478261
0.02247191011235955
0.2018348623853211
0.1568627450980392
0.056910569105691054
0.07865168539325842
0.1693548387096774
0.23577235772357724
0.2571428571428571
0.09278350515463918
0.15384615384615385
0.11
0.16901408450704225
0.22340425531914893
0.09345794392523364
0.05102040816326531
0.033707865168539325
0.2803738317757009
0.29411764705882354
0.0851063829787234
0.11904761904761904
0.11627906976744186
0.13541666666666666
0.10204081632653061
0.0449438202247191
0.2248062015503876
0.17518248175182483
0.1523809523809524
0.1568627450980392
0.1346153846153846
0.05982905982905983
0.06521739130434782
0.18888888888888888
0.0990990990990991
0.20930232558139536
0.12598425196850394
0.05
0.13157894736842105
0.09183673469387756
0.23837209302325582
0.20909090909090908
0.16666666666666666
0.1308411214953271
0.16260162601626016
0.13815789473684212
0.16161616161616163
0.07758620689655173
0.22580645161290322
0.10416666666666667
0.19205298013245034
0.14184397163120568
0.22018348623853212
0.010638297872340425
0.21666666666666667
0.208955223880597
0.256198347107438
0.010309278350515464
0.0
0.2631578947368421
0.061224489795918366
0.175
0.10576923076923077
0.16326530612244897
0.18181818181818182
0.11304347826086956
0.3170731707317073
0.09473684210526316
0.1792452830188679
0.18620689655172415
0.12953367875647667
0.13861386138613863
0.020833333333333332
0.11403508771929824
0.07017543859649122
0.06741573033707865
0.17894736842105263
0.14
0.11666666666666667
0.054945054945054944
0.3269230769230769
0.09615384615384616
0.1111111111111111
0.3046875
0.2376237623762376
0.171875
0.358695652173913
0.28205128205128205
0.2814070351758794
0.1111111111111111
0.1111111111111111
0.22346368715083798
0.21568627450980393
0.07526881720430108
0.14432989690721648
0.0449438202247191
0.22413793103448276
0.25287356321839083
0.1568627450980392
0.13
0.17647058823529413
0.13043478260869565
0.12213740458015267
0.2702702702702703
0.08264462809917356
0.12222222222222222
0.30120481927710846
0.1783783783783784
0.3220338983050847
0.2111111111111111
0.16666666666666666
0.07526881720430108
0.24242424242424243
0.2222222222222222
0.176
0.36633663366336633
0.15441176470588236
0.21311475409836064
0.16379310344827586
0.03225806451612903
0.043010752688172046
0.25
0.0891089108910891
0.3764705882352941
0.021505376344086023
0.07142857142857142
0.1693548387096774
0.1746031746031746
0.0784313725490196
0.18571428571428572
0.1510791366906475
0.17829457364341086
0.038461538461538464
0.11607142857142858
0.144
0.2375
0.1111111111111111
0.12
0.1657142857142857
0.20967741935483872
0.044444444444444446
0.13953488372093023
0.21100917431192662
0.11864406779661017
0.22330097087378642
0.1504424778761062
0.08029197080291971
0.3333333333333333
0.13592233009708737
0.06172839506172839
0.16071428571428573
0.25757575757575757
0.12605042016806722
0.3223684210526316
0.043478260869565216
0.23809523809523808
0.21739130434782608
0.09523809523809523
0.18085106382978725
0.22857142857142856
0.17346938775510204
0.21686746987951808
0.24324324324324326
0.07920792079207921
0.16666666666666666
0.010638297872340425
0.07446808510638298
0.056179775280898875
0.03
0.18518518518518517
0.010101010101010102
0.18181818181818182
0.09090909090909091
0.01
0.25225225225225223
0.2604166666666667
0.2719298245614035
0.1953125
0.168141592920354
0.3761467889908257
0.2857142857142857
0.32710280373831774
0.1450381679389313
0.24166666666666667
0.26666666666666666
0.15757575757575756
0.3253968253968254
0.16981132075471697
0.12280701754385964
0.17699115044247787
0.2
0.1694915254237288
0.05263157894736842
0.10738255033557047
0.26973684210526316
0.2087912087912088
0.16666666666666666
0.056179775280898875
0.10638297872340426
0.1782178217821782
0.3142857142857143
0.18867924528301888
0.2653061224489796
0.24299065420560748
0.16831683168316833
0.04395604395604396
0.21505376344086022
0.18134715025906736
0.09433962264150944
0.23943661971830985
0.15625
0.16304347826086957
0.183206106870229
0.20652173913043478
0.11538461538461539
0.07758620689655173
0.32786885245901637
0.1732283464566929
0.10084033613445378
0.21052631578947367
0.28431372549019607
0.3305785123966942
0.23711340206185566
0.021052631578947368
0.05434782608695652
0.1702127659574468
0.15625
0.020202020202020204
0.02
0.041237113402061855
0.0
0.04081632653061224
0.08108108108108109
0.09649122807017543
0.13861386138613863
0.2818181818181818
0.15730337078651685
0.11578947368421053
0.1038961038961039
0.09375
0.14423076923076922
0.20754716981132076
0.15463917525773196
0.07368421052631578
0.06666666666666667
0.1188118811881188
0.07766990291262135
0.09090909090909091
0.14049586776859505
0.12244897959183673
0.011111111111111112
0.13861386138613863
0.06521739130434782
0.03125
0.10101010101010101
0.1414141414141414
0.03636363636363636
0.12195121951219512
0.1559633027522936
0.0
0.18181818181818182
0.08695652173913043
0.1746031746031746
0.15178571428571427
0.056179775280898875
0.07368421052631578
0.10204081632653061
0.12380952380952381
0.13541666666666666
0.05555555555555555
0.0625
0.11235955056179775
0.1523809523809524
0.1111111111111111
0.05263157894736842
0.1651376146788991
0.04395604395604396
0.0
0.10784313725490197
0.021505376344086023
0.06741573033707865
0.12871287128712872
0.2231404958677686
0.10256410256410256
0.05434782608695652
0.16666666666666666
0.08108108108108109
0.06363636363636363
0.08602150537634409
0.0989010989010989
0.09782608695652174
0.1694915254237288
0.29245283018867924
0.07368421052631578
0.0989010989010989
0.1836734693877551
0.10416666666666667
0.056179775280898875
0.13333333333333333
0.1
0.05504587155963303
0.042105263157894736
0.049019607843137254
0.24390243902439024
0.21052631578947367
0.03296703296703297
0.23469387755102042
0.07692307692307693
0.12371134020618557
0.24719101123595505
0.05154639175257732
0.2
0.1518987341772152
0.021505376344086023
0.056179775280898875
0.02197802197802198
0.00980392156862745
0.2621359223300971
0.030612244897959183
0.07608695652173914
0.08421052631578947
0.033707865168539325
0.1595744680851064
0.11458333333333333
0.07291666666666667
0.09565217391304348
0.08080808080808081
0.11764705882352941
0.05319148936170213
0.17391304347826086
0.047619047619047616
0.13861386138613863
0.1414141414141414
0.1
0.183206106870229
0.08163265306122448
0.13076923076923078
0.02127659574468085
0.15037593984962405
0.04081632653061224
0.056179775280898875
0.06796116504854369
0.11428571428571428
0.042105263157894736
0.07777777777777778
0.044444444444444446
0.1935483870967742
0.09574468085106383
0.06422018348623854
0.125
0.14516129032258066
0.064
0.13978494623655913
0.030927835051546393
0.0
0.03333333333333333
0.21978021978021978
0.13541666666666666
0.09375
0.12727272727272726
0.12871287128712872
0.031578947368421054
0.3177570093457944
0.0784313725490196
0.1702127659574468
0.03333333333333333
0.06521739130434782
0.06382978723404255
0.08163265306122448
0.08888888888888889
0.09574468085106383
0.18446601941747573
0.1509433962264151
0.043010752688172046
0.03296703296703297
0.16666666666666666
0.25252525252525254
0.031914893617021274
0.08695652173913043
0.28695652173913044
0.27350427350427353
0.18681318681318682
0.09565217391304348
0.022222222222222223
0.1111111111111111
0.05434782608695652
0.11290322580645161
0.08759124087591241
0.2
0.041237113402061855
0.18666666666666668
0.041666666666666664
0.1981981981981982
0.11578947368421053
0.08695652173913043
0.0782608695652174
0.125
0.045871559633027525
0.08737864077669903
0.12698412698412698
0.0
0.31683168316831684
0.15384615384615385
0.10638297872340426
0.07766990291262135
0.125
0.11764705882352941
0.15789473684210525
0.21176470588235294
0.02040816326530612
0.0449438202247191
0.19230769230769232
0.03260869565217391
0.06363636363636363
0.09090909090909091
0.19117647058823528
0.24444444444444444
0.10576923076923077
0.1276595744680851
0.23076923076923078
0.056179775280898875
0.20535714285714285
0.08653846153846154
0.07766990291262135
0.1111111111111111
0.24242424242424243
0.05555555555555555
0.10743801652892562
0.0967741935483871
0.02197802197802198
0.1188118811881188
0.15217391304347827
0.09803921568627451
0.020202020202020204
0.23148148148148148
0.19130434782608696
0.13043478260869565
0.08421052631578947
0.01282051282051282
0.13043478260869565
0.07446808510638298
0.23711340206185566
0.13709677419354838
0.2072072072072072
0.2037037037037037
0.14754098360655737
0.22330097087378642
0.07547169811320754
0.0449438202247191
0.08421052631578947
0.2318840579710145
0.09
0.08888888888888889
0.3108108108108108
0.1
0.11688311688311688
0.14444444444444443
0.16216216216216217
0.056179775280898875
0.07692307692307693
0.08080808080808081
0.16666666666666666
0.256
0.12244897959183673
0.05555555555555555
0.07865168539325842
0.09375
0.13592233009708737
0.043478260869565216
0.14
0.09
0.041237113402061855
0.09
0.17757009345794392
0.02127659574468085
0.3269230769230769
0.09615384615384616
0.07777777777777778
0.030927835051546393
0.08247422680412371
0.25316455696202533
0.0449438202247191
0.14814814814814814
