0.13268677902137743
0.046436024058551136
0.1506700668351364
0.057812920576483136
0.07939989088064567
0.04940368151191317
0.06575630418905444
0.06544218660430855
0.010099500083513286
0.1880140212973703
0.014091860797103574
0.07867565611862515
0.07719803355218317
0.027428664478273086
0.12495026924721804
0.14588951944290574
0.15039499828501346
0.15876751256935312
0.05626751367514786
0.064095925963017
0.08469188044740636
0.11102027162464599
0.18520194619369523
0.07511450844304918
0.024613403942682775
0.11530230278061705
0.052638125589430054
0.14168445824206322
0.05964560853356286
0.021949961793807326
0.060415815970932
0.023767881087600404
0.007042253521126761
0.08548360186780612
0.09704533137941382
0.1171439965669221
0.13513442136008985
0.03803591031660529
0.12167114529823879
0.013710660766872603
0.13312369235916205
0.17059024240306647
0.006345512311048803
0.1647348218881987
0.02228342351135803
0.011406169956027662
0.14195090383015158
0.04647152467014745
0.05031825405911494
0.051690651817452055
0.1440336156220865
0.03447203857756197
0.07016594586735436
0.04637888220405968
0.05283006933165506
0.06070305401538324
0.03485447502549868
0.14933010881551376
0.08904487985899748
0.03910590400076966
0.057517805459328886
0.017856941457607085
0.16033640323688486
0.02915151882891884
0.09013996976004582
0.04084244210706888
0.09041231960100082
0.09303832058539345
0.10853907825819736
0.07230464357587209
0.0156438701843137
0.014729417789777745
0.029062022423964155
0.07974041228700168
0.10477534491239351
0.18564446568287224
0.09041122257197697
0.08971062789902479
0.13219327559991423
0.015235453303662279
0.10040773611803357
0.08730493968402626
0.14856845562193016
0.060704662436504776
0.18949884205551956
0.0857427337860397
0.07414073781607323
0.03936248086863593
0.09606921423100395
0.025750279012290954
0.12248574070825027
0.07804711575688364
0.13951176969262064
0.014969171198886773
0.03877287320586727
0.0635157055477032
0.036232626578998714
0.09945015010949432
0.045389910792676354
0.08449274778097135
0.09111073032917416
0.06018663708509193
0.175186610288719
0.052868016457758155
0.18786607708037653
0.12244269808617922
0.05458910161136863
0.16351343572464933
0.10618502466878879
0.20154507757067672
0.1788702959327825
0.17048609248384378
0.03594908073519443
0.1071491953398844
0.04500118041029022
0.07679728805333626
0.17714955595680446
0.026382386726112626
0.285273781328756
0.05234797928267043
0.2090641863819515
0.03465437771252343
0.13936974380911288
0.050136615199938644
0.14714972812155372
0.39189916993185214
0.26789737547572423
0.17296141503615226
0.24036674865982705
0.4029752656621475
0.08472725273244358
0.15003876322875237
0.17938950246828705
0.13094915667025048
0.16055924040307346
0.1909444263026243
0.1202810556499429
0.13822601340380403
0.10558089504530731
0.08520633167027962
0.06953145207650278
0.051033397312123606
0.19660298506909651
0.26054453655538734
0.041497997910956264
0.2259003598363311
0.15809035954017991
0.26853115422326235
0.23058890963270257
0.17301955152683984
0.03579887638106455
0.11196700425249181
0.1268287090400833
0.3135428458653869
0.09759254600420553
0.09550496075895429
0.12458222149436922
0.07476996512861517
0.181605251634536
0.15077652030538824
0.11921861955305237
0.13097470236622172
0.13358187469908178
0.13955408284395282
0.056110445573306314
0.09702215120221852
0.03567685960598092
0.10699713795285298
0.07644075248935342
0.05703787657654913
0.07873344369525508
0.07265722686696541
0.18835019194393343
0.12008600672868688
0.13163422722056559
0.30287127204055064
0.35159241860431545
0.10890218497282594
0.0975765068405609
0.08608844405160276
0.10823812928785634
0.042465071338871924
0.21425180644595704
0.18900626791170838
0.12700504333059454
0.02770561434247465
0.22229957013192198
0.09077116909267847
0.1861016616626888
0.206538779624987
0.127942513636145
0.011049742014520018
0.15039305280422754
0.12779197309767118
0.16488602149318055
0.03481007478211409
0.19883142018376876
0.19384213600864175
0.015931775598700265
0.08434943231809094
0.15670527001604367
0.17631492145400923
0.2143870314813858
0.14983162512713136
0.13383256150040546
0.07103770401890928
0.031495327097928356
0.1323827162016749
0.06316956290928444
0.03600204900996021
0.16578685999828788
0.0930657507250828
0.1374797336832417
0.0605923834363348
0.16530060819935283
0.06108786495938139
0.20527665873768666
0.13313970827875743
0.10245586592996578
0.08397002034339135
0.3336171678936846
0.13590664245613504
0.2646074148162834
0.19138791048934345
0.21214930506863125
0.025190377762377147
0.14927390477803193
0.22523568458239432
0.19562318116111532
0.22279957052978575
0.06976228130071956
0.22061102571410332
0.3334932563444357
0.13634817624944268
0.151228862862623
0.07079950754436425
0.22661985915651164
0.1108462250059693
0.11141708300237052
0.18566721339783582
0.19345036033799629
0.06502997043166898
0.033340662095346744
0.20751622231156389
0.05894644706585063
0.18386658002121198
0.4920965189843289
0.13179071775383444
0.12470426877634869
0.08344452764424512
0.15434743480319052
0.44579510963461966
0.1004598039088905
0.07112306955246436
0.16394677390193352
0.09124186422886166
0.2402249070431482
0.05813459151795753
0.19656876469660936
0.13223298731331168
0.058965493096742025
0.1723248380512818
0.16323677671983947
0.18316638271371766
0.1324554887335022
0.18515186953842527
0.025366045612598042
0.20979054781361609
0.23253401612083038
0.19625477592916807
0.06678712904058069
0.09601398302896416
0.05124545449131655
0.08290734199267977
0.15270037803654135
0.004461282500146493
0.050687050296799284
0.1890713150178273
0.1623173536022175
0.16875207145757407
0.11025534151665617
0.0530715795133024
0.24173222161326272
0.1715265584721427
0.13469110206494475
0.17010754168568967
0.22851650620749417
0.10062108038431883
0.22745880813846225
0.16301792430017478
0.17832572759102147
0.13774155774182895
0.16302860873222855
0.2254470936342653
0.12786180491504578
0.10608281266781985
0.11980524675922596
0.04070098396860575
0.10924467747758368
0.11827076873599437
0.1541459711745927
0.1269476046534001
0.09325366778842843
0.14022868738947264
0.15459510042033822
0.06171507801200491
0.1468252862688262
0.0432086220733789
0.13043351824847532
0.21468507740322818
0.09246638878134164
0.10400353643372168
0.06420510604185957
0.10208153686755032
0.1573470898380587
0.23004592210824404
0.0531983565929923
0.06751804266840558
0.2264715009911379
0.21159020101287174
0.1369890641658896
0.061125681268721525
0.23917167377855544
0.10095420911577391
0.12223942759432788
0.22216393384182692
0.055917134524054155
0.17753049232667364
0.20029112190173087
0.04329212037216962
0.1452044185085528
0.0685834281960524
0.07340520507432029
0.1447786494270796
0.10844860214257707
0.10052371520203544
0.1221810721159911
0.14277688719026854
0.27777341926323085
0.14434958376844054
0.1457711482328743
0.06392421714875518
0.03445482996759321
0.19340383910411213
0.155929480058853
0.02796160177527289
0.1945449057249685
0.12922562390912662
0.10842050983048904
0.020044608603511985
0.12258061606772852
0.18515643297900228
0.08431541120871429
0.17257017564033733
0.12105835193402445
0.30189283165324315
0.021044277047173023
0.09614681184535363
0.07340109786685291
0.21778011826094695
0.22325429554912193
0.12011385619635767
0.04478061967508189
0.02327547597335174
0.18122986172730496
0.14460490591871897
0.11914223839592135
0.0754011099248145
0.15795340267738608
0.18067297531568938
0.20035257288051578
0.10064269633790193
0.10775805448824406
0.16023640130193584
0.044176628801787785
0.1258567423848669
0.1032706113870451
0.2128560921171907
0.15417073208239304
0.0687135889026119
0.11395624607161824
0.13937865684537842
0.23242220111697728
0.31942806661264345
0.1532502988258126
0.14473801299940325
0.027592563867883464
0.03186108337628083
0.04466701833568408
0.08375098811858768
0.18263722378058794
0.22601969759846408
0.2720614666474609
0.18803057575489998
0.14914430463624306
0.04878683438011731
0.036950545835380925
0.07240183282084538
0.09298319324100973
0.18363051423440416
0.06623755480736529
0.021165636115412535
0.008970811288921746
0.04476683315515581
0.03756975385234358
0.015774114010292748
0.15360349636469722
0.026552692096683095
0.057730931454925104
0.05016683987275989
0.0557848303453293
0.042767355442015806
0.06737396872743724
0.09452780827723989
0.09192628064979708
0.16685221035161496
0.01528675546690589
0.13625100545871485
0.06438671597806844
0.16363863397572487
0.07819952574851595
0.04239177450484701
0.0292261596286432
0.0473229823737623
0.009148059492117002
0.06619368357023253
0.16853939494625544
0.035376622170057354
0.11117725925637292
0.09601123110267917
0.04756390597118666
0.06487316475026922
0.18002573248693512
0.05210537334930753
0.14317444065723411
0.09456862119278682
0.08469701640245929
0.13842571768787337
0.08212879633127843
0.04510582538523838
0.021900050043573562
0.20028692687396804
0.045108776137694165
0.013016929721613887
0.18459359162038314
0.10242987707694223
0.1276947064432282
0.034089885218080485
0.21607008626640273
0.08253937968561625
0.03453428836199149
0.12531644127599165
0.061095841771635406
0.07885931733444845
0.08622980170818989
0.09970477942866178
0.06945390913958704
0.17678935496387704
0.01466821497077411
0.06275907419274698
0.06944934768456279
0.03329599404963024
0.2010689474577722
0.18238020208390845
0.05394656695700828
0.12876516028113627
0.11558767302892074
0.049670315565442526
0.1657004916750714
0.03326273594823035
0.07016490309721798
0.14658414859697552
0.21712462431715487
0.053497800336107196
0.06603607432153129
0.13344267688884137
0.026503386754281204
0.11572884758231242
0.047508299909875575
0.11976531964473096
0.1901742323982456
0.04174161789720177
0.1958480308743063
0.033051238055345114
0.22394490494537334
0.06171424494817469
0.09995413256014726
0.04104539623110151
0.049193045434456836
0.0776420651306744
0.16893649351531725
0.009549938942803603
0.29874628825114113
0.08469409599575706
0.11835977902928066
0.08306486624249224
0.04890091787198882
0.08545778012007411
0.07330787743728087
0.07208475257851034
0.21085869408612207
0.14080239145153617
0.03901104496046551
0.08235136579194605
0.12176063171646198
0.06985966047771051
0.10362820188055924
0.12137165933928218
0.043699128735947716
0.045918458247911596
0.03483139709738553
0.13951357636132988
0.11643578460515924
0.17327443875137102
0.06323274693190295
0.11108883483581578
0.14464893425512818
0.05246541453415242
0.13314178195332696
0.04850378728996796
0.04274874574552883
0.10114638318160496
0.04176454664422215
0.03808243464425339
0.04364728254736082
0.11916107389432126
0.10660175711429637
0.18146198942885097
0.11886654440028929
0.0939122237469184
0.17224351065832377
0.03955540108617235
0.03136832568930168
0.03356647255715926
0.09126037622982348
0.05609287071119481
0.08877479966630844
0.04540999298838809
0.010586059820703238
0.16462433590535225
0.11188859175372032
0.10035946827018401
0.041706025805525904
0.08740935622167204
0.027229677476336943
0.009962323319055742
0.22010514747299528
0.028609116881813616
0.1487037275549996
0.12136216023738775
0.08776930117180513
0.12359938492955266
0.11298123564905602
0.0994695688799475
0.05910905654159604
0.017706014678551856
0.307392412021385
0.01884723834035397
0.05466823528941718
0.035082929330339054
0.2581806499787444
0.026699368673426115
0.04171953440122707
0.037715625108912104
0.04907061830390861
0.13307030596895444
0.09357786264722773
0.027847025957142772
0.024821632265090862
0.08391921676329919
0.061392743371882705
0.197441412717969
0.1217319813528195
0.10426477831282818
0.15162693923210468
0.0671639614980444
0.08642148185272969
0.1409505589139528
0.026152688321354062
0.18073771169638558
0.08712860953844453
0.1904448726567804
0.13444039667093288
0.03284910527881049
0.07324293243571742
0.07727297395176519
0.06699305722407432
0.036024654338512374
0.10299811666112435
0.0844098280372298
0.14582578308301852
0.19745790539762542
0.08517361205523635
0.18710019154060128
0.043483907809112196
0.16295714894561314
0.1261247133983484
0.024606847412221987
0.1266403507141218
0.16022892924375295
0.09798374879811772
0.054057537292113524
0.09686275433941312
0.054272640407679505
0.0630685351009473
0.11716070294199457
0.07199513739035757
0.04093284136646412
0.0356471586372132
0.10114851707363892
0.0626103825054527
0.05890990542133416
0.06029110795859649
0.06171234977438942
0.04455623179308529
0.16214567328575474
0.06600217157119774
0.06617905404431075
0.1397758039879681
0.1311644555237763
0.06990801275055054
0.1402171262664643
0.16444458582344917
0.08385776613898566
0.01871858613368882
0.02553557696280794
0.12283771422554605
0.013069443866870017
0.04378814501634681
0.19142097389320722
0.02988240499725386
0.15574015289060464
0.12736324625280962
0.10245876498897138
0.06397552833379733
0.018428357655698654
0.056521780226735444
0.08297240302742041
0.07014216609333877
0.05410680926006978
0.0687817137024644
0.16596507718866974
0.06609499108003808
0.030367717629681802
0.06439030956072378
0.019203836741728944
0.17337808271350713
0.11169204193688397
0.034570579908841034
0.13661463347104813
0.1404092201056541
0.0973385404739961
0.03009629108079639
0.13684897361109427
0.1771555932465428
0.09764203218250475
0.10652665195206858
0.09130169493832233
0.12149767150220939
0.13061401578473794
0.11859626891036862
0.08244807450597447
0.03005947319509948
0.05060690592900036
0.04956044367619948
0.11030234549931997
0.14068026663466265
0.048260769786814
0.06798589791692441
0.07741983742590298
0.10085006873600012
0.09345780201400569
0.09730393179691543
0.08831748844557222
0.004903081772773729
0.029163052157995403
0.1151526865513396
0.0534229612718778
0.05511940611014725
0.05347714974720473
0.042812390618165
0.13217875300745932
0.10291273101028242
0.10043208257091352
0.07139339173644285
0.11116496747916399
0.018944051657093484
0.17200903379291232
0.023848550411233904
0.08613348274494294
0.06756171270537423
0.035368965713643376
0.11014155564918465
0.0339589819067969
0.05881036378452002
0.13377247828404387
0.043327313204438306
0.12246417832483981
0.03144655258820551
0.07304657981575323
0.15853062246248997
0.08444679402935451
0.06799724639263224
0.11868180697670286
0.20425404530386676
0.055685564473945175
0.12164573764746409
0.11178026846039854
0.11065379125764821
0.09394070344146628
0.05516922196769269
0.01861026604727313
0.16619055836578753
0.04443043316841162
0.1022732230621633
0.07427398488178572
0.05366902005861027
0.0515224118884488
0.012573932603398907
0.06450685054329791
0.007811089679111042
0.04158259910684863
0.21902754196985336
0.09188343008664376
0.179661805476431
0.06382338141094072
0.131352047085805
0.13576564914919503
0.12523527255747724
0.08578243161835383
0.1310203466520105
0.1444531408726357
0.09399401567773058
0.04420957079682573
0.033267399218895585
0.10079728758635834
0.2244554495171061
0.05515270900619857
0.08926863168112262
0.1190360891741537
0.04122947740258201
0.1296210528759984
0.006726914523505231
0.1151064725520347
0.14173668916901616
0.19274186923925019
0.09016246344147602
0.04588011102770506
0.05918002618145189
0.10437917702393724
0.06298031125729889
0.10459075865571604
0.08332153401149983
0.1404610957773781
0.049931140969532606
0.10592484370490846
0.05603438911537677
0.11642453236172834
0.01354410351515609
0.08029105125438335
0.032468031452375146
0.06643635099672653
0.09560906801144278
0.17659909487034997
0.1719791107682846
0.21846076787477742
0.08647984062909869
0.16546723635974356
0.019291612250298323
0.20685371014286702
0.03055776030012992
0.07525062511553132
0.21129468117243183
0.022991436023450752
0.015187020508851862
0.08221231499091206
0.06836716531937209
0.04190712216540354
0.0781477645085307
0.17463413673420852
0.07279182490998481
0.07661297404313816
0.04220951447553929
0.03969621499208409
0.002268931338568479
0.07506199672389388
0.01428653587557122
0.03318752269733384
0.05921731930440583
0.0732311347386364
0.05389382971229255
0.05643297949023568
0.06791706361808077
0.07482954529821745
0.0047073023853300994
0.10402088821005909
0.04677108097392631
0.05944152020098086
0.07480416832545979
0.07853246196841457
0.07933058782705055
0.13291512747425074
0.02315005935791075
0.09934119994363685
0.06240044337902162
0.059296130598502715
0.0742532733207491
0.05297472194995957
0.03077543176804719
0.10272117749120166
0.03176007709028236
0.04026937160395032
0.01841458005360663
0.048068556681006326
0.09399154408429647
0.03526541055097948
0.1037541049716667
0.023900140911366118
0.059917825742336527
0.0059881252031274744
0.12596151323831303
0.11779758524800663
0.05480895648685639
0.020224085388305276
0.13588708684115045
0.28514468976695834
0.14594534478658117
0.01299206465157214
0.11638763467997218
0.03486124265821959
0.12522903785612588
0.02268811659769021
0.04808003002689112
0.23183940425286736
0.015954456007476647
0.09494524802069093
0.04557990503277965
0.15764577181059292
0.11879884287079806
0.07075475686013183
0.030198885171384422
0.0502474679389102
0.06928237020338786
0.05746495223457318
0.06025907168117304
0.14040044310047697
0.01495936282762897
0.06595462742527829
0.17219048735114617
0.10279172932846074
0.08793326298848161
0.10267406421312139
0.06974165656296993
0.10734363714780974
0.07569720821858449
0.07981667033238664
0.02494550535933656
0.08378268935544733
0.08605162459809627
0.10441840391785936
0.07035356535167378
0.0424425572855964
0.014462884101443117
0.026697372516720004
0.15294294530132374
0.0951979473308325
0.14109276068536059
0.1466736906058615
0.07161362430211428
0.08025091231042002
0.03285061103301613
0.03790692159643412
0.013667895040893094
0.06341722313810583
0.027561331920709697
0.13403878475585343
0.09481220268438481
0.050543793762866385
0.04367691360896277
0.026823633946329924
0.11305255562533925
0.06202413666626229
0.09663028434817608
0.07655079515637381
0.028354186826720636
0.0037853346831443245
0.036516290847685214
0.03611577944714973
0.02443179459317289
0.03527328215962663
0.0836595166332425
0.07955859276512668
0.07546676739824373
0.1283407967925005
0.029111768832479578
0.0339554104752187
0.05422975908456434
0.15325561852955522
0.04836230910640103
0.08046742475193407
0.04041227347467402
0.07643507469793132
0.07418518002569927
0.0241022565849741
0.10341226635407806
0.014415077712481912
0.13183820715258912
0.03291458742952302
0.07579163118220311
0.1223067846076685
0.05212763878951081
0.054883677677411535
0.09114975106556969
0.06044029186974492
0.04356305576584593
0.1288167788946002
0.05835880025645286
0.05192526316570578
0.08880669137095487
0.028177514861492888
0.14746400458881373
0.11622826969729004
0.14994736445537443
0.010437864247748953
0.07230742330593276
0.06692196907942044
0.10837531395322911
0.02798526216103083
0.008828042399414237
0.03621180279966439
0.058197582479861024
0.036873165540773925
0.053983820766985255
0.08616557255909957
0.012109290264299796
0.014286791037005163
0.01396936729977587
0.08621503968198176
0.02425378440553145
0.06270711017487313
0.11263202129080029
0.10579554602246721
0.04550418989424758
0.07748023152793657
0.008311095073233363
0.07262816046882131
0.037432566407603673
0.046196946657753146
0.09127343738427293
0.10065772210209631
0.04494385408586429
0.05176824997577921
0.14678092988386307
0.15200903125471948
0.06539853862191644
0.04666486516841399
0.015424258860498734
0.175216303119886
0.1034448431112698
0.12409596588691818
0.041985217284065485
0.02627802763323231
0.16076379480598724
0.14711179296893162
0.0776613674436468
0.19449985053149674
0.11098839280616615
0.07273946520800223
0.07003615046069941
0.0017123287671232876
0.02384780937608172
0.08453349364721785
0.006002588579973274
0.20591230719286013
0.025100032575682232
0.02978295075750237
0.14437423454925297
0.09281254535798864
0.11304386242622583
0.0580277898620836
0.18234353467783584
0.10815910806430452
0.0065280439460419434
0.030688147978787987
0.09860145677636739
0.0851176640220152
0.06327079961676915
0.023624482478111178
0.1704968502439407
0.014930719450137485
0.10285668267962964
0.0987612514914934
0.10776343510341521
0.11377511535357757
0.03997722014942476
0.05292031195305223
0.15237927696269096
0.216021525244274
0.02772721800664746
0.0681755585742427
0.06701668419468627
0.025767092466318434
0.23996867507120706
0.06294893553688516
0.08628573465280642
0.12883991088211383
0.0773087733279322
0.0786556344751612
0.03190668179560245
0.04974278470573325
0.09613918184953246
0.15229804314956802
0.07821054081295553
0.05163878220064945
0.05937504630554173
0.06571807623398657
0.21053430376591797
0.04096973461057915
0.15882306884084163
0.026984358640055637
0.17493094843422113
0.03143197239110965
0.04475656319112502
0.020371399191693652
0.06658914134462712
0.003834059955283399
0.08338129260653265
0.052491776445634464
0.09196209206552473
0.013682824279603116
0.11180788316541447
0.10062296333488019
0.2752089926558047
0.037637951299554905
0.09327362560630485
0.03871582832524052
0.13015595002272334
0.04764009173576657
0.08909383022224213
0.033693630671426486
0.00430851031008776
0.13129704775624362
0.13431795448203426
0.032593627198944035
0.11039458680049741
0.08637363274024012
0.03351936369092338
0.042930849318419
0.006934021446923506
0.12413224897103373
0.13731781517211686
0.07998684355779276
0.055412763921240976
0.0759887526003946
0.06240538762814237
0.020890916166999424
0.05170584612669215
0.1017366357532899
0.1374236429230461
0.1368817220250888
0.026837579620278353
0.08607665602594178
0.03013180513544724
0.24263519079308213
0.12952247799582994
0.04315769751041326
0.08098454862893911
0.11041798491329782
0.15429584895295045
0.048327935788799056
0.06742682437865338
0.2012187319852118
0.039867327043938555
0.18935020049987988
0.15310412223680064
0.14094481312667137
0.009506912983626116
0.1295057001586501
0.163057705023442
0.14369784338050084
0.03613821981533544
0.005671543232275079
0.27502290392574286
0.0607659413933682
0.1218486028344166
0.07639884397225447
0.12197948314888332
0.06462146025805604
0.09866775628135939
0.08959824998480712
0.05148721328414422
0.16835385854281354
0.1689739611338219
0.23926616462850223
0.046417485194442915
0.03835498214871003
0.07409660147881801
0.06543874008446074
0.010198425202456837
0.05014866175253556
0.05546626730374027
0.09162353881509194
0.04827257544929207
0.09522594597947145
0.04546166119883361
0.018809875030232348
0.17673948040606907
0.1831193540110761
0.21893165198397585
0.13361633570887924
0.14820689783677302
0.3753012207741254
0.14160549559620628
0.03748170621088074
0.23534596382129894
0.07548912363291985
0.01969038317008323
0.05065008644955399
0.005495415948027341
0.14118549959369958
0.08838595083348827
0.0536527565084986
0.044377354879502666
0.1031617030437539
0.021827820744953538
0.09731429474340053
0.15578094037501278
0.07254697127686427
0.025096011598181346
0.16341174298162753
0.2269221324631178
0.12879333001777532
0.24391667137318598
0.08715747935948452
0.021799449087131682
0.1497883588720876
0.14365208705898588
0.11726678004711498
0.14751241218566946
0.14068268812536788
0.11035747187982817
0.16259792440793822
0.016330612718076107
0.01209926849306786
0.10603561488666116
0.06858122283762091
0.11679890990930691
0.01326891238899827
0.0250409133559902
0.1087224303074582
0.09528220648830171
0.03728559425348372
0.15466649246358993
0.1776258161785084
0.14068234580089015
0.07274938514535953
0.06848822535881971
0.10157467206234444
0.1818428296955901
0.024916659909834396
0.10511616544681723
0.21773397933606176
0.10020899698531918
0.008392394265489985
0.1249808885044711
0.09175748332748543
0.09143177056310382
0.06171706960324644
0.07178558492159573
0.14137686493834695
0.09523222738888185
0.062136775654906815
0.010713824539436534
0.07267953508673261
0.13872004485633463
0.09220077709734713
0.2757998274515372
0.016975360833875002
0.27315671675076814
0.08248626175255416
0.058207262931795276
0.044447905664718707
0.19508003997048415
0.04588406013900937
0.11762726650157386
0.10220708811043151
0.03424058923542417
0.07520208323028517
0.05455655229495405
0.023621303717683024
0.007854547041485756
0.023253040712351753
0.1577932859996315
0.0434989524095178
0.05534847244179923
0.054179257283933704
0.01802237175842862
0.08721768115908218
0.06263857724788409
0.13037084723864353
0.13045827694233952
0.08540597130114932
0.14996556264724104
0.102082903724131
0.10925077178404227
0.1364164049950387
0.13573065904337983
0.08244199525762534
0.20219445884119572
0.15449733655062206
0.08151401494708196
0.06923295445941746
0.1568665646327617
0.06243340369975375
0.09482238701635581
0.031398473161055325
0.16395713838384826
0.207450070171493
0.03873173807937333
0.08332802525146056
0.006992004954174116
0.06237085537932092
0.07853311491993112
0.19223783581738074
0.09559734736717068
0.17162068491441948
0.08122407009971276
0.055950294118702025
0.014517385037168332
0.04580562621047817
0.2835819137301934
0.06200028997606027
0.21568259468149426
0.046430333086173066
0.028611280945752958
0.11455131347598042
0.0626769823376462
0.12019070080696423
0.12530677465899565
0.1587292511718603
0.1468766979882391
0.09502579436435168
0.06681320548396977
0.1281906467454974
0.1268602891597691
0.07516576879338595
0.015851280360191868
0.01965313385535982
0.15492712770958295
0.04545706478190291
0.03390394624921116
0.023662783111621826
0.025105247495712864
0.044809923169217815
0.023473698160588512
0.06184051676562071
0.06690298450491292
0.05099671217781101
0.08728593946677901
0.0262077789739558
0.09085894517974125
0.05697948062966454
0.023564369577811314
0.08153450757122688
0.039824395185933434
0.042861933016028614
0.027526650471806587
0.010930111130453496
0.042861995265307026
0.051583813759776796
0.03455489444473085
0.1026124230164688
0.06186312770756133
0.014353379782422687
0.08385971986388603
0.015143367318567915
0.019805375828850634
0.05730804608794726
0.06039369043111631
0.03769220403968815
0.08095110401013572
0.06808160097036207
0.012730807202663796
0.0886459240471497
0.02297037990529173
0.15177136635907917
0.0870326636261127
0.011328165858831445
0.03039762288765575
0.05206736822116305
0.06122612249286706
0.042960487254382
0.011794292154839368
0.033773379581138414
0.018734180585529784
0.07179364147429886
0.044717884660341725
0.026826764061667268
0.09411992988438642
0.007759503990943103
0.0043859649122807015
0.048549714511718856
0.05125513234558387
0.009560664756483915
0.043912802740460326
0.10083121734689138
0.044751381108349704
0.13652556893888773
0.09587179730114381
0.0298098650515579
0.060512625090884314
0.022967817801905946
0.017294111621818584
0.04212468223075819
0.13654497756317485
0.08810384054216269
0.040541466737403914
0.11036192930927174
0.05356426093631872
0.03268833549564757
0.01047114330895769
0.02509117862036763
0.06218088012341311
0.09835466127380901
0.02448787229156589
0.027712360282872946
0.14993314383826134
0.04513076468013086
0.01915637962891563
0.09646163960327275
0.018168062127164736
0.034803390390307984
0.03971539217759024
0.02766542917102531
0.07655121797835801
0.08233993503052808
0.012077893674821781
0.025005839166568705
0.2576411152718748
0.033489290543008685
0.09349133948690047
0.0443177424586568
0.01734688720807385
0.02468639654478263
0.014377022583185153
0.03225487711458557
0.027760939789236813
0.03383270896135491
0.07074613919649866
0.03249363094624501
0.09764410859347318
0.015663861240761023
0.05503468296026762
0.044199642504891515
0.05513239635090864
0.047387511308017966
0.013946996771380279
0.12858191216132656
0.042750673487465154
0.11209130239505444
0.013263129225427026
0.12244995163461679
0.023435745582635975
0.007826422322993265
0.06327286380783581
0.06041388701325881
0.013929211026701882
0.017378852348307453
0.011886647270316564
0.03644069787316375
0.029339469593201217
0.04620821872000824
0.07268332307226849
0.09809100214400376
0.08306732420994235
0.027942695527157765
0.014310628554702751
0.02359457896596367
0.0067643488164576375
0.05254688948084973
0.030738624927273753
0.034584685139810535
0.07520159065650212
0.05308509549565108
0.03799990042615765
0.1419832351150177
0.03340552533481313
0.04213494543395778
0.008359151503681878
0.02646242589039082
0.019411283268683917
0.028906524254233828
0.02318093403966812
0.04527853706996117
0.07424196707959205
0.05360550928937287
0.03578733297819154
0.018816085706541186
0.061760305782211124
0.062423090668463424
0.029051558623305572
0.016839139785390967
0.13942586952189587
0.11209684239462367
0.03634027436049805
0.07452196000124248
0.019957365297510972
0.09137048174776294
0.013732289309943592
0.033038106446740725
0.13949324735189328
0.060224547534071415
0.02149299145262349
0.09816045003380675
0.02500912961935746
0.09888950810077993
0.029436826556321544
0.03344228690009739
0.06436539917269643
0.06980257368462348
0.0536825360243287
0.03495880832381926
0.1081356783775831
0.0021645021645021645
0.09098679963676645
0.03400501264211098
0.04732277160829567
0.04672254250820328
0.14708549726770476
0.04648242602662028
0.12459851751739938
0.06765396911174343
0.023087916126002146
0.011442549981843714
0.092413611726305
0.014150911488561808
0.06968285180688999
0.055100757089772745
0.03487532179107659
0.10283259151955876
0.05391510343339961
0.03324473735927816
0.07508423054561567
0.008334214342923762
0.0711662877709375
0.053220214726399116
0.040799682491927475
0.05706721408444182
0.074548715727343
0.056094463612390025
0.09531442781884278
0.01948493830766381
0.005713074777138396
0.037493798877763496
0.04504030531448859
0.06527749907601607
0.018525465903604578
0.12710723190846743
0.09207002101198725
0.03133812152924411
0.03202663413053945
0.014367222177678158
0.19833749161559994
0.01912392099750371
0.045580489083556025
0.11553616360108923
0.09494457896347996
0.1877200254992269
0.12023736584168389
0.08073599883499796
0.03484499863264413
0.010611069091332876
0.02640286933789727
0.09723966596976748
0.038836618125504326
0.014417500225202082
0.07839217030704268
0.061511260606210635
0.04423260461539931
0.01709235725481818
0.08477832261975041
0.05912193554614017
0.01847410102981995
0.029429024289687404
0.030613712749690464
0.13059819553193394
0.0468988994225635
0.008329781197718166
0.013268620070274389
0.02793984819284124
0.05672090320085853
0.009439063404173767
0.04034117701084783
0.04475892694896315
0.018891059156194046
0.03322415458798285
0.07640284903295123
0.01363822043743158
0.11226652627021617
0.03881709121788107
0.022137806334335285
0.021254372822305318
0.02544793289936797
0.14931011481793038
0.008212264174595212
0.08902678058005026
