0.12056737588652482
0.2459016393442623
0.24817518248175183
0.18095238095238095
0.13333333333333333
0.18
0.1651376146788991
0.18584070796460178
0.06593406593406594
0.2222222222222222
0.05555555555555555
0.21296296296296297
0.20388349514563106
0.039603960396039604
0.21818181818181817
0.1702127659574468
0.08571428571428572
0.12244897959183673
0.16981132075471697
0.12380952380952381
0.03076923076923077
0.13178294573643412
0.14482758620689656
0.11206896551724138
0.09574468085106383
0.1415929203539823
0.12
0.06474820143884892
0.10891089108910891
0.07894736842105263
0.18269230769230768
0.0196078431372549
0.011111111111111112
0.23711340206185566
0.10714285714285714
0.2978723404255319
0.19801980198019803
0.15625
0.14049586776859505
0.06521739130434782
0.36585365853658536
0.2677165354330709
0.04395604395604396
0.1592920353982301
0.10989010989010989
0.053763440860215055
0.19148936170212766
0.07407407407407407
0.1320754716981132
0.16129032258064516
0.1875
0.20212765957446807
0.22826086956521738
0.09803921568627451
0.012987012987012988
0.08620689655172414
0.14432989690721648
0.18
0.11594202898550725
0.16455696202531644
0.13402061855670103
0.12222222222222222
0.14615384615384616
0.06593406593406594
0.3018867924528302
0.16161616161616163
0.11206896551724138
0.20168067226890757
0.2
0.3125
0.010416666666666666
0.043478260869565216
0.08080808080808081
0.2072072072072072
0.20353982300884957
0.27586206896551724
0.3253012048192771
0.07758620689655173
0.19696969696969696
0.1111111111111111
0.2033898305084746
0.22077922077922077
0.24369747899159663
0.1346153846153846
0.21052631578947367
0.19298245614035087
0.19090909090909092
0.11764705882352941
0.19444444444444445
0.053763440860215055
0.20869565217391303
0.18518518518518517
0.14925373134328357
0.030927835051546393
0.028037383177570093
0.08737864077669903
0.050505050505050504
0.22448979591836735
0.125
0.16101694915254236
0.13114754098360656
0.1485148514851485
0.25333333333333335
0.203125
0.14193548387096774
0.2621359223300971
0.1650485436893204
0.23776223776223776
0.23076923076923078
0.2426470588235294
0.2125984251968504
0.16233766233766234
0.1
0.21518987341772153
0.0970873786407767
0.23076923076923078
0.14743589743589744
0.05555555555555555
0.4796747967479675
0.13333333333333333
0.3089430894308943
0.12903225806451613
0.3106060606060606
0.16
0.3565217391304348
0.1606425702811245
0.23333333333333334
0.3274336283185841
0.21481481481481482
0.1829787234042553
0.07079646017699115
0.26126126126126126
0.1941747572815534
0.2032520325203252
0.23134328358208955
0.24183006535947713
0.1732283464566929
0.38392857142857145
0.18518518518518517
0.11570247933884298
0.14018691588785046
0.21649484536082475
0.18072289156626506
0.34523809523809523
0.08421052631578947
0.2
0.25
0.14893617021276595
0.2469879518072289
0.2465753424657534
0.16842105263157894
0.256
0.3008849557522124
0.17326732673267325
0.1504424778761062
0.1440677966101695
0.2457627118644068
0.1
0.3275862068965517
0.21804511278195488
0.18045112781954886
0.225
0.09219858156028368
0.12162162162162163
0.15730337078651685
0.21551724137931033
0.18085106382978725
0.13675213675213677
0.32989690721649484
0.09009009009009009
0.1095890410958904
0.07272727272727272
0.28703703703703703
0.2845528455284553
0.3805309734513274
0.09859154929577464
0.054945054945054944
0.09243697478991597
0.1297709923664122
0.19491525423728814
0.24324324324324326
0.1
0.21818181818181817
0.21768707482993196
0.24615384615384617
0.08
0.21965317919075145
0.37254901960784315
0.23404255319148937
0.27564102564102566
0.18796992481203006
0.07692307692307693
0.3515625
0.2833333333333333
0.3089430894308943
0.11392405063291139
0.2734375
0.27205882352941174
0.08695652173913043
0.07142857142857142
0.2302158273381295
0.2074074074074074
0.2138364779874214
0.1566265060240964
0.1958041958041958
0.16346153846153846
0.1326530612244898
0.3611111111111111
0.2
0.057692307692307696
0.18493150684931506
0.20909090909090908
0.2440944881889764
0.22115384615384615
0.211864406779661
0.08490566037735849
0.22115384615384615
0.25190839694656486
0.11029411764705882
0.19642857142857142
0.255
0.1888111888111888
0.22905027932960895
0.2152777777777778
0.18867924528301888
0.05
0.1360544217687075
0.19161676646706588
0.21739130434782608
0.2155688622754491
0.18556701030927836
0.16463414634146342
0.29949238578680204
0.22727272727272727
0.1958041958041958
0.07894736842105263
0.2532467532467532
0.21875
0.25806451612903225
0.2847682119205298
0.1488095238095238
0.22330097087378642
0.009433962264150943
0.2254335260115607
0.24742268041237114
0.16379310344827586
0.17204301075268819
0.1366906474820144
0.20454545454545456
0.31683168316831684
0.2846153846153846
0.17669172932330826
0.2777777777777778
0.19047619047619047
0.21428571428571427
0.21153846153846154
0.30718954248366015
0.11711711711711711
0.2582781456953642
0.29411764705882354
0.07228915662650602
0.11377245508982035
0.14685314685314685
0.26119402985074625
0.18181818181818182
0.2482758620689655
0.1134020618556701
0.10752688172043011
0.2052980132450331
0.1836734693877551
0.1919191919191919
0.14414414414414414
0.24175824175824176
0.10909090909090909
0.22695035460992907
0.03333333333333333
0.06363636363636363
0.1509433962264151
0.11594202898550725
0.323943661971831
0.23076923076923078
0.14563106796116504
0.20224719101123595
0.1858974358974359
0.14492753623188406
0.23703703703703705
0.12121212121212122
0.17073170731707318
0.28695652173913044
0.19444444444444445
0.32575757575757575
0.13157894736842105
0.256
0.2857142857142857
0.15037593984962405
0.12213740458015267
0.09219858156028368
0.057692307692307696
0.14414414414414414
0.2767857142857143
0.17333333333333334
0.07692307692307693
0.15126050420168066
0.22727272727272727
0.15217391304347827
0.08181818181818182
0.1956521739130435
0.18181818181818182
0.18461538461538463
0.27439024390243905
0.3106796116504854
0.25225225225225223
0.008333333333333333
0.1523809523809524
0.18181818181818182
0.2974683544303797
0.18055555555555555
0.024
0.2692307692307692
0.2608695652173913
0.24242424242424243
0.19047619047619047
0.1504424778761062
0.2608695652173913
0.10526315789473684
0.24324324324324326
0.07476635514018691
0.16875
0.2641509433962264
0.0707070707070707
0.20689655172413793
0.2621359223300971
0.23232323232323232
0.2446043165467626
0.2396694214876033
0.11304347826086956
0.34210526315789475
0.18840579710144928
0.2289156626506024
0.1774193548387097
0.21705426356589147
0.2604166666666667
0.049019607843137254
0.28
0.25
0.04081632653061224
0.17985611510791366
0.13138686131386862
0.26605504587155965
0.053763440860215055
0.2647058823529412
0.2823529411764706
0.16666666666666666
0.1981981981981982
0.184
0.24607329842931938
0.11956521739130435
0.09401709401709402
0.22727272727272727
0.2222222222222222
0.10416666666666667
0.2032520325203252
0.15841584158415842
0.06382978723404255
0.12574850299401197
0.11724137931034483
0.17037037037037037
0.05128205128205128
0.3333333333333333
0.2925170068027211
0.14634146341463414
0.22033898305084745
0.2982456140350877
0.19285714285714287
0.036036036036036036
0.047619047619047616
0.21774193548387097
0.3524590163934426
0.2878787878787879
0.18
0.1810344827586207
0.1357142857142857
0.21686746987951808
0.10747663551401869
0.2
0.15602836879432624
0.10204081632653061
0.061224489795918366
0.1553398058252427
0.11864406779661017
0.2462686567164179
0.2823529411764706
0.20994475138121546
0.25
0.20930232558139536
0.05660377358490566
0.18
0.10714285714285714
0.23423423423423423
0.23529411764705882
0.1574074074074074
0.0594059405940594
0.010638297872340425
0.16
0.11
0.1111111111111111
0.17985611510791366
0.11956521739130435
0.1
0.13402061855670103
0.16494845360824742
0.13592233009708737
0.12844036697247707
0.21100917431192662
0.24324324324324326
0.19863013698630136
0.042105263157894736
0.15555555555555556
0.1941747572815534
0.17647058823529413
0.21818181818181817
0.1875
0.019417475728155338
0.10377358490566038
0.03225806451612903
0.16666666666666666
0.2777777777777778
0.13829787234042554
0.19834710743801653
0.3142857142857143
0.15463917525773196
0.14545454545454545
0.272108843537415
0.18181818181818182
0.08641975308641975
0.21428571428571427
0.12173913043478261
0.2536231884057971
0.07258064516129033
0.058823529411764705
0.009615384615384616
0.2698412698412698
0.15789473684210525
0.0
0.2894736842105263
0.12195121951219512
0.27710843373493976
0.07368421052631578
0.26143790849673204
0.21929824561403508
0.12087912087912088
0.09243697478991597
0.1875
0.21818181818181817
0.10588235294117647
0.22522522522522523
0.1782178217821782
0.14864864864864866
0.08791208791208792
0.2755102040816326
0.33663366336633666
0.1276595744680851
0.17763157894736842
0.14788732394366197
0.09174311926605505
0.32
0.11764705882352941
0.05714285714285714
0.24822695035460993
0.09803921568627451
0.16216216216216217
0.2807017543859649
0.31210191082802546
0.19801980198019803
0.0782608695652174
0.2
0.08333333333333333
0.19672131147540983
0.17525773195876287
0.184
0.15476190476190477
0.16129032258064516
0.1987179487179487
0.054945054945054944
0.3355263157894737
0.11711711711711711
0.09917355371900827
0.18681318681318682
0.1919191919191919
0.21875
0.2953020134228188
0.05555555555555555
0.21232876712328766
0.125
0.21875
0.1565217391304348
0.26881720430107525
0.24752475247524752
0.075
0.10084033613445378
0.0
0.1968503937007874
0.23376623376623376
0.18181818181818182
0.17647058823529413
0.14414414414414414
0.21311475409836064
0.14492753623188406
0.1919191919191919
0.09230769230769231
0.12121212121212122
0.272
0.12307692307692308
0.25
0.13761467889908258
0.1484375
0.23214285714285715
0.1485148514851485
0.2558139534883721
0.15306122448979592
0.05555555555555555
0.21238938053097345
0.15789473684210525
0.16666666666666666
0.15841584158415842
0.2876712328767123
0.24107142857142858
0.25735294117647056
0.2727272727272727
0.13114754098360656
0.1773049645390071
0.10679611650485436
0.01
0.16129032258064516
0.06451612903225806
0.20652173913043478
0.08064516129032258
0.11224489795918367
0.010526315789473684
0.16296296296296298
0.10084033613445378
0.13178294573643412
0.1414141414141414
0.088
0.10416666666666667
0.03260869565217391
0.2229299363057325
0.08602150537634409
0.14814814814814814
0.22522522522522523
0.16806722689075632
0.16346153846153846
0.26495726495726496
0.17391304347826086
0.1834862385321101
0.052083333333333336
0.2235294117647059
0.0967741935483871
0.14563106796116504
0.1276595744680851
0.15846994535519127
0.09375
0.22105263157894736
0.09615384615384616
0.07079646017699115
0.13740458015267176
0.15294117647058825
0.13186813186813187
0.07446808510638298
0.15384615384615385
0.13392857142857142
0.21978021978021978
0.09090909090909091
0.1810344827586207
0.24786324786324787
0.14678899082568808
0.08695652173913043
0.1834862385321101
0.06060606060606061
0.2708333333333333
0.2413793103448276
0.2222222222222222
0.25203252032520324
0.13541666666666666
0.28
0.10743801652892562
0.23809523809523808
0.0891089108910891
0.10236220472440945
0.20689655172413793
0.13861386138613863
0.2564102564102564
0.07317073170731707
0.28187919463087246
0.038834951456310676
0.25301204819277107
0.18487394957983194
0.050505050505050504
0.17557251908396945
0.2589928057553957
0.27722772277227725
0.125
0.25806451612903225
0.20833333333333334
0.1320754716981132
0.17307692307692307
0.27
0.22535211267605634
0.050505050505050504
0.11029411764705882
0.14423076923076922
0.1650485436893204
0.13043478260869565
0.18095238095238095
0.125
0.26548672566371684
0.10091743119266056
0.2716049382716049
0.16546762589928057
0.21739130434782608
0.28
0.13194444444444445
0.19310344827586207
0.18487394957983194
0.08791208791208792
0.10869565217391304
0.30701754385964913
0.1111111111111111
0.1
0.1893939393939394
0.029411764705882353
0.1875
0.2920353982300885
0.14705882352941177
0.24489795918367346
0.052083333333333336
0.15151515151515152
0.19827586206896552
0.14285714285714285
0.22580645161290322
0.18095238095238095
0.2644628099173554
0.27722772277227725
0.18681318681318682
0.04424778761061947
0.11956521739130435
0.2198581560283688
0.1864406779661017
0.043010752688172046
0.1510791366906475
0.17692307692307693
0.23863636363636365
0.09183673469387756
0.21951219512195122
0.297029702970297
0.06542056074766354
0.2222222222222222
0.09375
0.1891891891891892
0.2767857142857143
0.14285714285714285
0.16521739130434782
0.07
0.09333333333333334
0.08411214953271028
0.14516129032258066
0.14492753623188406
0.22058823529411764
0.1875
0.2127659574468085
0.20512820512820512
0.17857142857142858
0.2608695652173913
0.23148148148148148
0.03333333333333333
0.09574468085106383
0.2413793103448276
0.1346153846153846
0.2604166666666667
0.09375
0.23404255319148937
0.14788732394366197
0.16037735849056603
0.08536585365853659
0.21359223300970873
0.20491803278688525
0.05102040816326531
0.2814814814814815
0.05154639175257732
0.20909090909090908
0.13513513513513514
0.09278350515463918
0.2616822429906542
0.04040404040404041
0.08737864077669903
0.12318840579710146
0.1919191919191919
0.20155038759689922
0.0707070707070707
0.13636363636363635
0.10810810810810811
0.1111111111111111
0.21568627450980393
0.175
0.2097902097902098
0.17307692307692307
0.21238938053097345
0.08888888888888889
0.14736842105263157
0.0975609756097561
0.21
0.07692307692307693
0.12418300653594772
0.10989010989010989
0.2892561983471074
0.19811320754716982
0.2
0.20408163265306123
0.05555555555555555
0.09615384615384616
0.05555555555555555
0.12871287128712872
0.14285714285714285
0.19148936170212766
0.2537313432835821
0.27472527472527475
0.08695652173913043
0.19327731092436976
0.18253968253968253
0.2072072072072072
0.2066115702479339
0.15267175572519084
0.10852713178294573
0.10476190476190476
0.0707070707070707
0.1864406779661017
0.3404255319148936
0.0990990990990991
0.18487394957983194
0.18803418803418803
0.1414141414141414
0.21428571428571427
0.04395604395604396
0.2897196261682243
0.2248062015503876
0.11042944785276074
0.08196721311475409
0.0891089108910891
0.12745098039215685
0.24074074074074073
0.16666666666666666
0.15306122448979592
0.14545454545454545
0.373015873015873
0.06306306306306306
0.17592592592592593
0.04040404040404041
0.13793103448275862
0.01
0.13114754098360656
0.11224489795918367
0.12037037037037036
0.11711711711711711
0.18248175182481752
0.19014084507042253
0.10810810810810811
0.297029702970297
0.19014084507042253
0.14444444444444443
0.2047244094488189
0.11224489795918367
0.23529411764705882
0.23387096774193547
0.07216494845360824
0.031578947368421054
0.14655172413793102
0.04504504504504504
0.08571428571428572
0.10526315789473684
0.20408163265306123
0.1686746987951807
0.13392857142857142
0.10784313725490197
0.037383177570093455
0.022222222222222223
0.06086956521739131
0.06593406593406594
0.15384615384615385
0.06481481481481481
0.16363636363636364
0.1346153846153846
0.15476190476190477
0.06363636363636363
0.11504424778761062
0.044444444444444446
0.18811881188118812
0.17142857142857143
0.12903225806451613
0.12727272727272726
0.17391304347826086
0.33
0.2204724409448819
0.07526881720430108
0.27586206896551724
0.18446601941747573
0.1320754716981132
0.18627450980392157
0.09183673469387756
0.12
0.12280701754385964
0.030927835051546393
0.14432989690721648
0.02197802197802198
0.08490566037735849
0.1
0.12087912087912088
0.075
0.09782608695652174
0.12844036697247707
0.02197802197802198
0.1574074074074074
0.14728682170542637
0.11320754716981132
0.07777777777777778
0.1259259259259259
0.1674641148325359
0.2426470588235294
0.031914893617021274
0.09285714285714286
0.1326530612244898
0.16981132075471697
0.0851063829787234
0.14
0.1267605633802817
0.021505376344086023
0.25
0.027522935779816515
0.19298245614035087
0.11235955056179775
0.11428571428571428
0.12087912087912088
0.16483516483516483
0.04
0.23255813953488372
0.0660377358490566
0.2702702702702703
0.03333333333333333
0.14018691588785046
0.16025641025641027
0.14393939393939395
0.20353982300884957
0.24793388429752067
0.14893617021276595
0.24675324675324675
0.07692307692307693
0.15517241379310345
0.10989010989010989
0.08823529411764706
0.15833333333333333
0.1588785046728972
0.07142857142857142
0.1276595744680851
0.07692307692307693
0.021739130434782608
0.15384615384615385
0.25925925925925924
0.11643835616438356
0.22580645161290322
0.14545454545454545
0.0707070707070707
0.1111111111111111
0.10526315789473684
0.04395604395604396
0.08653846153846154
0.08080808080808081
0.1926605504587156
0.08571428571428572
0.07407407407407407
0.04424778761061947
0.09473684210526316
0.36363636363636365
0.09345794392523364
0.13385826771653545
0.20833333333333334
0.05263157894736842
0.01098901098901099
0.09523809523809523
0.050505050505050504
0.04
0.09375
0.13114754098360656
0.22
0.10434782608695652
0.1935483870967742
0.11702127659574468
0.061224489795918366
0.21
0.08148148148148149
0.04310344827586207
0.12931034482758622
0.15463917525773196
0.15254237288135594
0.1559633027522936
0.1111111111111111
0.125
0.01020408163265306
0.2196969696969697
0.09278350515463918
0.16216216216216217
0.11965811965811966
0.1414141414141414
0.10204081632653061
0.22727272727272727
0.13761467889908258
0.09009009009009009
0.07142857142857142
0.12121212121212122
0.12962962962962962
0.1452991452991453
0.10416666666666667
0.20588235294117646
0.14285714285714285
0.2740740740740741
0.04395604395604396
0.13043478260869565
0.14414414414414414
0.14173228346456693
0.0975609756097561
0.010526315789473684
0.03
0.26804123711340205
0.020618556701030927
0.1619047619047619
0.1282051282051282
0.0
0.06593406593406594
0.0
0.16346153846153846
0.019801980198019802
0.13333333333333333
0.09302325581395349
0.1724137931034483
0.12631578947368421
0.09090909090909091
0.03333333333333333
0.18627450980392157
0.16666666666666666
0.11428571428571428
0.22330097087378642
0.03636363636363636
0.15841584158415842
0.03773584905660377
0.15625
0.1476510067114094
0.17307692307692307
0.08
0.0989010989010989
0.20408163265306123
0.2
0.16
0.0594059405940594
0.041666666666666664
0.2097902097902098
0.15384615384615385
0.13829787234042554
0.23275862068965517
0.08771929824561403
0.12264150943396226
0.19811320754716982
0.0
0.08791208791208792
0.2972972972972973
0.05555555555555555
0.054945054945054944
0.12087912087912088
0.030612244897959183
0.3137254901960784
0.10569105691056911
0.12213740458015267
0.08433734939759036
0.2261904761904762
0.203125
0.04395604395604396
0.0707070707070707
0.25842696629213485
0.21621621621621623
0.18095238095238095
0.09473684210526316
0.26262626262626265
0.042105263157894736
0.12389380530973451
0.21739130434782608
0.23333333333333334
0.1743119266055046
0.1717171717171717
0.15
0.17857142857142858
0.144
0.029411764705882353
0.12389380530973451
0.056451612903225805
0.08695652173913043
0.1896551724137931
0.1619047619047619
0.19327731092436976
0.09868421052631579
0.15254237288135594
0.12727272727272726
0.11458333333333333
0.18181818181818182
0.1693548387096774
0.19014084507042253
0.0847457627118644
0.1702127659574468
0.1941747572815534
0.16842105263157894
0.16766467065868262
0.044642857142857144
0.24817518248175183
0.030927835051546393
0.07936507936507936
0.14736842105263157
0.07476635514018691
0.041237113402061855
0.1206896551724138
0.022222222222222223
0.2
0.1553398058252427
0.06504065040650407
0.07777777777777778
0.1774193548387097
0.24390243902439024
0.26285714285714284
0.09183673469387756
0.1523809523809524
0.10891089108910891
0.18309859154929578
0.22105263157894736
0.09259259259259259
0.050505050505050504
0.03333333333333333
0.2777777777777778
0.3088235294117647
0.08421052631578947
0.11811023622047244
0.11363636363636363
0.14583333333333334
0.10101010101010101
0.044444444444444446
0.2230769230769231
0.17391304347826086
0.1509433962264151
0.1553398058252427
0.14423076923076922
0.059322033898305086
0.07608695652173914
0.18681318681318682
0.10810810810810811
0.21705426356589147
0.13385826771653545
0.04950495049504951
0.14035087719298245
0.09090909090909091
0.23699421965317918
0.2072072072072072
0.16494845360824742
0.12962962962962962
0.16129032258064516
0.13725490196078433
0.16
0.07692307692307693
0.23225806451612904
0.10309278350515463
0.19078947368421054
0.14893617021276595
0.22935779816513763
0.010526315789473684
0.21487603305785125
0.2074074074074074
0.2644628099173554
0.01020408163265306
0.0
0.2706766917293233
0.06060606060606061
0.17355371900826447
0.10476190476190476
0.16161616161616163
0.18018018018018017
0.11206896551724138
0.3132530120481928
0.09375
0.17757009345794392
0.18493150684931506
0.12886597938144329
0.13725490196078433
0.020618556701030927
0.11304347826086956
0.06956521739130435
0.06666666666666667
0.17708333333333334
0.13861386138613863
0.11570247933884298
0.05434782608695652
0.3238095238095238
0.10576923076923077
0.10989010989010989
0.3023255813953488
0.24752475247524752
0.1875
0.3548387096774194
0.2796610169491525
0.2864321608040201
0.12037037037037036
0.11
0.2222222222222222
0.21359223300970873
0.07446808510638298
0.14285714285714285
0.044444444444444446
0.2222222222222222
0.25
0.1553398058252427
0.12871287128712872
0.175
0.12903225806451613
0.1297709923664122
0.26785714285714285
0.08196721311475409
0.12087912087912088
0.3132530120481928
0.1774193548387097
0.3305084745762712
0.21666666666666667
0.1651376146788991
0.07446808510638298
0.24060150375939848
0.22058823529411764
0.1746031746031746
0.3627450980392157
0.16176470588235295
0.21138211382113822
0.1623931623931624
0.031914893617021274
0.0425531914893617
0.2463768115942029
0.08823529411764706
0.37209302325581395
0.02127659574468085
0.07017543859649122
0.168
0.19047619047619047
0.07766990291262135
0.18439716312056736
0.15827338129496402
0.17692307692307693
0.0379746835443038
0.125
0.14285714285714285
0.2345679012345679
0.10989010989010989
0.11904761904761904
0.16477272727272727
0.208
0.04395604395604396
0.13846153846153847
0.20909090909090908
0.11764705882352941
0.22115384615384615
0.14912280701754385
0.07971014492753623
0.34523809523809523
0.1346153846153846
0.06097560975609756
0.1592920353982301
0.26515151515151514
0.125
0.3202614379084967
0.043010752688172046
0.23622047244094488
0.21428571428571427
0.09433962264150944
0.17894736842105263
0.22695035460992907
0.1717171717171717
0.21428571428571427
0.24107142857142858
0.0784313725490196
0.16521739130434782
0.010526315789473684
0.07368421052631578
0.05555555555555555
0.0297029702970297
0.1925925925925926
0.01
0.1919191919191919
0.09
0.009900990099009901
0.25
0.25773195876288657
0.26956521739130435
0.203125
0.16666666666666666
0.37272727272727274
0.29464285714285715
0.32407407407407407
0.14393939393939395
0.2396694214876033
0.2641509433962264
0.1566265060240964
0.3333333333333333
0.16822429906542055
0.12173913043478261
0.17543859649122806
0.19811320754716982
0.16806722689075632
0.052083333333333336
0.10666666666666667
0.2679738562091503
0.20652173913043478
0.16521739130434782
0.05555555555555555
0.10526315789473684
0.17647058823529413
0.30985915492957744
0.18691588785046728
0.2755102040816326
0.24074074074074073
0.16666666666666666
0.043478260869565216
0.2127659574468085
0.18041237113402062
0.09345794392523364
0.24647887323943662
0.15463917525773196
0.16129032258064516
0.19083969465648856
0.20430107526881722
0.11450381679389313
0.07692307692307693
0.3360655737704918
0.171875
0.1
0.20833333333333334
0.2815533980582524
0.33884297520661155
0.24742268041237114
0.031578947368421054
0.053763440860215055
0.16901408450704225
0.15463917525773196
0.02
0.019801980198019802
0.04081632653061224
0.0
0.04040404040404041
0.08035714285714286
0.09565217391304348
0.13725490196078433
0.27927927927927926
0.15555555555555556
0.11458333333333333
0.10256410256410256
0.09278350515463918
0.14285714285714285
0.2037037037037037
0.15306122448979592
0.08421052631578947
0.06593406593406594
0.12871287128712872
0.07692307692307693
0.09
0.13934426229508196
0.12121212121212122
0.01098901098901099
0.13725490196078433
0.06451612903225806
0.030927835051546393
0.1
0.14
0.036036036036036036
0.12048192771084337
0.1651376146788991
0.0
0.1797752808988764
0.08602150537634409
0.171875
0.1504424778761062
0.05555555555555555
0.07291666666666667
0.10101010101010101
0.12264150943396226
0.13402061855670103
0.054945054945054944
0.061855670103092786
0.1111111111111111
0.1509433962264151
0.11
0.06315789473684211
0.1743119266055046
0.043478260869565216
0.0
0.10679611650485436
0.02127659574468085
0.06666666666666667
0.12745098039215685
0.22131147540983606
0.10126582278481013
0.053763440860215055
0.1651376146788991
0.0945945945945946
0.06306306306306306
0.0851063829787234
0.09782608695652174
0.0967741935483871
0.16806722689075632
0.2897196261682243
0.07291666666666667
0.09782608695652174
0.18181818181818182
0.10309278350515463
0.05555555555555555
0.13186813186813187
0.0990990990990991
0.06422018348623854
0.041666666666666664
0.04854368932038835
0.24193548387096775
0.20833333333333334
0.03260869565217391
0.23232323232323232
0.07608695652173914
0.12244897959183673
0.24444444444444444
0.061855670103092786
0.20909090909090908
0.15
0.02127659574468085
0.05555555555555555
0.021739130434782608
0.009708737864077669
0.25961538461538464
0.030303030303030304
0.07526881720430108
0.08333333333333333
0.03333333333333333
0.1702127659574468
0.1134020618556701
0.07216494845360824
0.09482758620689655
0.09090909090909091
0.11650485436893204
0.05263157894736842
0.17204301075268819
0.04716981132075472
0.13725490196078433
0.15151515151515152
0.1111111111111111
0.18181818181818182
0.08080808080808081
0.1297709923664122
0.021052631578947368
0.14925373134328357
0.04040404040404041
0.05555555555555555
0.0673076923076923
0.11320754716981132
0.041666666666666664
0.07692307692307693
0.04395604395604396
0.19148936170212766
0.09473684210526316
0.06363636363636363
0.14583333333333334
0.144
0.06349206349206349
0.15053763440860216
0.030612244897959183
0.0
0.03296703296703297
0.21739130434782608
0.13402061855670103
0.09278350515463918
0.12612612612612611
0.12745098039215685
0.03125
0.3148148148148148
0.07766990291262135
0.16842105263157894
0.03296703296703297
0.06451612903225806
0.06315789473684211
0.08080808080808081
0.08791208791208792
0.09473684210526316
0.18269230769230768
0.14953271028037382
0.0425531914893617
0.03260869565217391
0.1650485436893204
0.25
0.031578947368421054
0.08602150537634409
0.28448275862068967
0.28205128205128205
0.18478260869565216
0.09482758620689655
0.02197802197802198
0.11016949152542373
0.053763440860215055
0.1111111111111111
0.08695652173913043
0.19791666666666666
0.05154639175257732
0.18421052631578946
0.041237113402061855
0.2072072072072072
0.11458333333333333
0.08602150537634409
0.07758620689655173
0.12389380530973451
0.045454545454545456
0.08653846153846154
0.12598425196850394
0.0
0.3137254901960784
0.15217391304347827
0.10526315789473684
0.07692307692307693
0.12408759124087591
0.11650485436893204
0.15671641791044777
0.20930232558139536
0.020202020202020204
0.044444444444444446
0.20512820512820512
0.03225806451612903
0.06306306306306306
0.09
0.18840579710144928
0.24175824175824176
0.10476190476190476
0.12631578947368421
0.22857142857142856
0.05555555555555555
0.20353982300884957
0.08571428571428572
0.07692307692307693
0.11
0.24
0.05504587155963303
0.10655737704918032
0.09574468085106383
0.021739130434782608
0.11764705882352941
0.15053763440860216
0.10784313725490197
0.02
0.22935779816513763
0.1896551724137931
0.12903225806451613
0.08333333333333333
0.012658227848101266
0.12962962962962962
0.07368421052631578
0.23469387755102042
0.136
0.21621621621621623
0.2
0.1557377049180328
0.22115384615384615
0.07476635514018691
0.044444444444444446
0.08333333333333333
0.22857142857142856
0.0891089108910891
0.08791208791208792
0.32432432432432434
0.09900990099009901
0.11538461538461539
0.14285714285714285
0.16071428571428573
0.05555555555555555
0.07608695652173914
0.08
0.1643835616438356
0.264
0.1326530612244898
0.054945054945054944
0.07777777777777778
0.09278350515463918
0.1346153846153846
0.043010752688172046
0.13861386138613863
0.0891089108910891
0.04081632653061224
0.0891089108910891
0.17592592592592593
0.021052631578947368
0.3238095238095238
0.09523809523809523
0.07692307692307693
0.030612244897959183
0.08163265306122448
0.25
0.044444444444444446
0.14678899082568808
