0.07482993197278912
0.0
0.05555555555555555
0.03333333333333333
0.034782608695652174
0.03508771929824561
0.024193548387096774
0.03076923076923077
0.010416666666666666
0.1
0.021505376344086023
0.03968253968253968
0.06896551724137931
0.009615384615384616
0.09836065573770492
0.09271523178807947
0.09352517985611511
0.0784313725490196
0.024793388429752067
0.04424778761061947
0.05511811023622047
0.08148148148148149
0.136986301369863
0.08403361344537816
0.03
0.04878048780487805
0.05660377358490566
0.08823529411764706
0.01818181818181818
0.012345679012345678
0.03361344537815126
0.050505050505050504
0.0
0.05263157894736842
0.0782608695652174
0.08928571428571429
0.06140350877192982
0.00909090909090909
0.06976744186046512
0.0
0.06666666666666667
0.1258741258741259
0.0
0.09166666666666666
0.020202020202020204
0.010309278350515464
0.043478260869565216
0.02654867256637168
0.02564102564102564
0.04854368932038835
0.10948905109489052
0.018018018018018018
0.0660377358490566
0.04672897196261682
0.05405405405405406
0.024390243902439025
0.027777777777777776
0.07272727272727272
0.06944444444444445
0.022222222222222223
0.047619047619047616
0.0
0.1037037037037037
0.010416666666666666
0.06976744186046512
0.017699115044247787
0.075
0.02142857142857143
0.08661417322834646
0.07692307692307693
0.010416666666666666
0.010526315789473684
0.028846153846153848
0.03076923076923077
0.0625
0.11278195488721804
0.06796116504854369
0.06837606837606838
0.046357615894039736
0.0
0.08396946564885496
0.08045977011494253
0.07246376811594203
0.02608695652173913
0.06358381502890173
0.0625
0.03968253968253968
0.021505376344086023
0.08403361344537816
0.0425531914893617
0.07751937984496124
0.05785123966942149
0.08450704225352113
0.0
0.018518518518518517
0.04672897196261682
0.0297029702970297
0.043478260869565216
0.02857142857142857
0.03787878787878788
0.06153846153846154
0.05454545454545454
0.08045977011494253
0.02666666666666667
0.07272727272727272
0.023622047244094488
0.02564102564102564
0.08588957055214724
0.06666666666666667
0.09032258064516129
0.14925373134328357
0.0783132530120482
0.03773584905660377
0.054945054945054944
0.056074766355140186
0.07563025210084033
0.10493827160493827
0.010638297872340425
0.1375
0.043859649122807015
0.15827338129496402
0.019417475728155338
0.06134969325153374
0.04504504504504504
0.11428571428571428
0.14682539682539683
0.11
0.12781954887218044
0.1310344827586207
0.12550607287449392
0.08035714285714286
0.08527131782945736
0.1388888888888889
0.1044776119402985
0.1
0.09826589595375723
0.09558823529411764
0.09154929577464789
0.07563025210084033
0.046511627906976744
0.06086956521739131
0.02608695652173913
0.10112359550561797
0.11330049261083744
0.05102040816326531
0.1
0.0958904109589041
0.1368421052631579
0.15
0.08982035928143713
0.027777777777777776
0.053691275167785234
0.072992700729927
0.12857142857142856
0.0743801652892562
0.07142857142857142
0.10526315789473684
0.03937007874015748
0.07692307692307693
0.06578947368421052
0.08275862068965517
0.08088235294117647
0.09219858156028368
0.08496732026143791
0.04040404040404041
0.06818181818181818
0.027777777777777776
0.05555555555555555
0.04878048780487805
0.01680672268907563
0.06578947368421052
0.06306306306306306
0.07751937984496124
0.0821917808219178
0.08333333333333333
0.10900473933649289
0.18518518518518517
0.08333333333333333
0.05714285714285714
0.06015037593984962
0.078125
0.028037383177570093
0.11049723756906077
0.08484848484848485
0.04516129032258064
0.018867924528301886
0.07106598984771574
0.05263157894736842
0.13725490196078433
0.09944751381215469
0.0821917808219178
0.0
0.10191082802547771
0.06206896551724138
0.10273972602739725
0.03529411764705882
0.09395973154362416
0.10191082802547771
0.0
0.034482758620689655
0.06875
0.12413793103448276
0.09659090909090909
0.06666666666666667
0.07547169811320754
0.07079646017699115
0.00909090909090909
0.072992700729927
0.024390243902439025
0.03773584905660377
0.0880503144654088
0.064
0.09722222222222222
0.049586776859504134
0.1
0.036036036036036036
0.11403508771929824
0.07894736842105263
0.04861111111111111
0.072
0.12053571428571429
0.0759493670886076
0.1282051282051282
0.06707317073170732
0.13855421686746988
0.019417475728155338
0.07741935483870968
0.13714285714285715
0.12
0.1092896174863388
0.06481481481481481
0.11046511627906977
0.13777777777777778
0.05194805194805195
0.06875
0.0423728813559322
0.1286549707602339
0.09345794392523364
0.04697986577181208
0.10227272727272728
0.10919540229885058
0.05
0.028846153846153848
0.08163265306122448
0.03418803418803419
0.11570247933884298
0.13541666666666666
0.0821917808219178
0.052980132450331126
0.05555555555555555
0.08441558441558442
0.14233576642335766
0.06153846153846154
0.059322033898305086
0.0759493670886076
0.08620689655172414
0.10497237569060773
0.024793388429752067
0.11764705882352941
0.08450704225352113
0.03488372093023256
0.06896551724137931
0.09333333333333334
0.11920529801324503
0.0916030534351145
0.10365853658536585
0.009345794392523364
0.13186813186813187
0.1375
0.11538461538461539
0.06306306306306306
0.058333333333333334
0.03669724770642202
0.07017543859649122
0.10191082802547771
0.0
0.044642857142857144
0.13664596273291926
0.09219858156028368
0.11904761904761904
0.0847457627118644
0.03508771929824561
0.09183673469387756
0.10119047619047619
0.0896551724137931
0.07051282051282051
0.11
0.051094890510948905
0.07246376811594203
0.09554140127388536
0.10759493670886076
0.06172839506172839
0.12949640287769784
0.16883116883116883
0.09285714285714286
0.08088235294117647
0.06206896551724138
0.018518518518518517
0.08547008547008547
0.08333333333333333
0.08641975308641975
0.06329113924050633
0.05384615384615385
0.08
0.09655172413793103
0.043859649122807015
0.06451612903225806
0.02631578947368421
0.06944444444444445
0.10582010582010581
0.07142857142857142
0.10317460317460317
0.07079646017699115
0.07079646017699115
0.1
0.13259668508287292
0.011904761904761904
0.04918032786885246
0.11864406779661017
0.12777777777777777
0.08609271523178808
0.02459016393442623
0.1206896551724138
0.08208955223880597
0.05
0.08235294117647059
0.036036036036036036
0.10650887573964497
0.0748663101604278
0.02912621359223301
0.0736196319018405
0.04838709677419355
0.05172413793103448
0.08125
0.07913669064748201
0.07563025210084033
0.0851063829787234
0.07894736842105263
0.15254237288135594
0.04285714285714286
0.09027777777777778
0.04310344827586207
0.01904761904761905
0.10344827586206896
0.0967741935483871
0.02
0.1232876712328767
0.06896551724137931
0.06976744186046512
0.010309278350515464
0.015748031496062992
0.09
0.05263157894736842
0.14655172413793102
0.04964539007092199
0.13333333333333333
0.019801980198019802
0.07563025210084033
0.018867924528301886
0.11235955056179775
0.1276595744680851
0.08029197080291971
0.02631578947368421
0.02040816326530612
0.09302325581395349
0.10204081632653061
0.06756756756756757
0.05128205128205128
0.12
0.07954545454545454
0.08045977011494253
0.07462686567164178
0.07246376811594203
0.10596026490066225
0.026785714285714284
0.08450704225352113
0.04861111111111111
0.1
0.08280254777070063
0.04424778761061947
0.12295081967213115
0.08163265306122448
0.12222222222222222
0.14492753623188406
0.07692307692307693
0.08666666666666667
0.0
0.0196078431372549
0.02586206896551724
0.03125
0.11333333333333333
0.10101010101010101
0.14659685863874344
0.10119047619047619
0.08333333333333333
0.04672897196261682
0.008547008547008548
0.05084745762711865
0.07874015748031496
0.08620689655172414
0.05042016806722689
0.009433962264150943
0.0
0.02654867256637168
0.027777777777777776
0.0
0.10067114093959731
0.00980392156862745
0.05217391304347826
0.03773584905660377
0.046296296296296294
0.02631578947368421
0.03361344537815126
0.1
0.045454545454545456
0.08695652173913043
0.0
0.13043478260869565
0.0603448275862069
0.08433734939759036
0.046875
0.03636363636363636
0.029411764705882353
0.017391304347826087
0.02127659574468085
0.029411764705882353
0.05142857142857143
0.009433962264150943
0.09848484848484848
0.045454545454545456
0.04672897196261682
0.024390243902439025
0.0872093023255814
0.02631578947368421
0.047619047619047616
0.0625
0.06611570247933884
0.06134969325153374
0.031007751937984496
0.04854368932038835
0.009615384615384616
0.11888111888111888
0.03773584905660377
0.021739130434782608
0.07692307692307693
0.06153846153846154
0.0707070707070707
0.04081632653061224
0.0903954802259887
0.02962962962962963
0.030303030303030304
0.1016949152542373
0.05555555555555555
0.03875968992248062
0.06818181818181818
0.0625
0.08181818181818182
0.1111111111111111
0.020618556701030927
0.041666666666666664
0.038461538461538464
0.02912621359223301
0.09146341463414634
0.10135135135135136
0.034782608695652174
0.04430379746835443
0.09016393442622951
0.027777777777777776
0.07975460122699386
0.0
0.04878048780487805
0.07352941176470588
0.07291666666666667
0.04310344827586207
0.03333333333333333
0.08270676691729323
0.0297029702970297
0.08148148148148149
0.017857142857142856
0.05714285714285714
0.0898876404494382
0.038461538461538464
0.0935672514619883
0.02127659574468085
0.0855614973262032
0.03333333333333333
0.05555555555555555
0.058823529411764705
0.02608695652173913
0.07339449541284404
0.07222222222222222
0.0
0.12025316455696203
0.07692307692307693
0.07586206896551724
0.07258064516129033
0.017241379310344827
0.07692307692307693
0.075
0.03968253968253968
0.08333333333333333
0.10948905109489052
0.03260869565217391
0.04838709677419355
0.06666666666666667
0.032520325203252036
0.06474820143884892
0.06756756756756757
0.017241379310344827
0.028985507246376812
0.01834862385321101
0.09655172413793103
0.04285714285714286
0.09375
0.04201680672268908
0.06521739130434782
0.078125
0.03571428571428571
0.05194805194805195
0.018018018018018018
0.045871559633027525
0.0703125
0.03773584905660377
0.04672897196261682
0.008620689655172414
0.06818181818181818
0.0859375
0.11038961038961038
0.04054054054054054
0.06153846153846154
0.08496732026143791
0.017857142857142856
0.041237113402061855
0.018867924528301886
0.08196721311475409
0.05714285714285714
0.06349206349206349
0.0380952380952381
0.010526315789473684
0.07534246575342465
0.10084033613445378
0.06569343065693431
0.018018018018018018
0.0625
0.019230769230769232
0.010638297872340425
0.10982658959537572
0.020202020202020204
0.0782608695652174
0.07936507936507936
0.06923076923076923
0.07079646017699115
0.07246376811594203
0.06299212598425197
0.023809523809523808
0.020202020202020204
0.19540229885057472
0.009900990099009901
0.008547008547008548
0.019230769230769232
0.12169312169312169
0.019417475728155338
0.02654867256637168
0.017857142857142856
0.05217391304347826
0.07971014492753623
0.08888888888888889
0.03
0.020202020202020204
0.046511627906976744
0.049586776859504134
0.12121212121212122
0.02857142857142857
0.07874015748031496
0.09774436090225563
0.059322033898305086
0.05042016806722689
0.04032258064516129
0.029411764705882353
0.08928571428571429
0.043478260869565216
0.10650887573964497
0.0547945205479452
0.0380952380952381
0.04065040650406504
0.03875968992248062
0.04838709677419355
0.028037383177570093
0.021897810218978103
0.021897810218978103
0.07476635514018691
0.10734463276836158
0.08641975308641975
0.07303370786516854
0.0594059405940594
0.07216494845360824
0.08461538461538462
0.009708737864077669
0.06206896551724138
0.10062893081761007
0.05737704918032787
0.035398230088495575
0.044642857142857144
0.02654867256637168
0.043478260869565216
0.10909090909090909
0.040983606557377046
0.011627906976744186
0.0196078431372549
0.04861111111111111
0.02586206896551724
0.08108108108108109
0.007751937984496124
0.04201680672268908
0.02631578947368421
0.0916030534351145
0.05263157894736842
0.061855670103092786
0.087248322147651
0.10236220472440945
0.07563025210084033
0.08666666666666667
0.10191082802547771
0.044444444444444446
0.01020408163265306
0.009900990099009901
0.08759124087591241
0.010101010101010102
0.047619047619047616
0.1056338028169014
0.029411764705882353
0.08917197452229299
0.07352941176470588
0.07339449541284404
0.042735042735042736
0.01
0.045871559633027525
0.061068702290076333
0.05785123966942149
0.03636363636363636
0.04201680672268908
0.10071942446043165
0.032
0.02857142857142857
0.06306306306306306
0.019801980198019802
0.10256410256410256
0.029411764705882353
0.021052631578947368
0.08843537414965986
0.10869565217391304
0.05825242718446602
0.009433962264150943
0.1111111111111111
0.19090909090909092
0.08571428571428572
0.08035714285714286
0.06870229007633588
0.06451612903225806
0.1
0.0847457627118644
0.072
0.009433962264150943
0.05128205128205128
0.04504504504504504
0.09230769230769231
0.06040268456375839
0.024691358024691357
0.05555555555555555
0.06542056074766354
0.05223880597014925
0.08196721311475409
0.050724637681159424
0.08130081300813008
0.0
0.03
0.06666666666666667
0.02608695652173913
0.03418803418803419
0.06060606060606061
0.02654867256637168
0.06535947712418301
0.03361344537815126
0.08536585365853659
0.05042016806722689
0.072992700729927
0.0
0.10191082802547771
0.02
0.031007751937984496
0.05
0.04950495049504951
0.08
0.019801980198019802
0.05660377358490566
0.09929078014184398
0.04424778761061947
0.06896551724137931
0.0392156862745098
0.05042016806722689
0.06493506493506493
0.009174311926605505
0.05982905982905983
0.09302325581395349
0.13815789473684212
0.042735042735042736
0.07874015748031496
0.072992700729927
0.05825242718446602
0.07142857142857142
0.04310344827586207
0.010309278350515464
0.11688311688311688
0.030612244897959183
0.0684931506849315
0.024193548387096774
0.06930693069306931
0.03508771929824561
0.010638297872340425
0.02702702702702703
0.010638297872340425
0.017857142857142856
0.14285714285714285
0.05660377358490566
0.12
0.04504504504504504
0.07913669064748201
0.109375
0.07971014492753623
0.072
0.07352941176470588
0.09420289855072464
0.036231884057971016
0.02654867256637168
0.04950495049504951
0.04477611940298507
0.11176470588235295
0.025210084033613446
0.044444444444444446
0.10317460317460317
0.03669724770642202
0.09285714285714286
0.0
0.029850746268656716
0.0821917808219178
0.11728395061728394
0.056
0.047619047619047616
0.045454545454545456
0.08064516129032258
0.058823529411764705
0.08653846153846154
0.06779661016949153
0.04216867469879518
0.03508771929824561
0.058333333333333334
0.061855670103092786
0.0784313725490196
0.0
0.045454545454545456
0.018691588785046728
0.05217391304347826
0.08771929824561403
0.10204081632653061
0.09740259740259741
0.05128205128205128
0.06504065040650407
0.11920529801324503
0.00980392156862745
0.07746478873239436
0.009259259259259259
0.05
0.09285714285714286
0.009708737864077669
0.010309278350515464
0.047244094488188976
0.04504504504504504
0.017857142857142856
0.07142857142857142
0.07272727272727272
0.05434782608695652
0.049586776859504134
0.02727272727272727
0.01834862385321101
0.01098901098901099
0.042735042735042736
0.010416666666666666
0.019417475728155338
0.045454545454545456
0.03225806451612903
0.03508771929824561
0.031914893617021274
0.06363636363636363
0.06779661016949153
0.010752688172043012
0.07142857142857142
0.025
0.039603960396039604
0.06896551724137931
0.030534351145038167
0.05555555555555555
0.08391608391608392
0.030927835051546393
0.09900990099009901
0.06086956521739131
0.043478260869565216
0.05217391304347826
0.07
0.0
0.0847457627118644
0.010101010101010102
0.027777777777777776
0.0
0.05504587155963303
0.09009009009009009
0.030303030303030304
0.08403361344537816
0.01
0.0603448275862069
0.0
0.08695652173913043
0.08029197080291971
0.06306306306306306
0.021052631578947368
0.06293706293706294
0.13488372093023257
0.07643312101910828
0.010416666666666666
0.04794520547945205
0.01834862385321101
0.08771929824561403
0.04081632653061224
0.03636363636363636
0.1347517730496454
0.010638297872340425
0.08527131782945736
0.037037037037037035
0.07936507936507936
0.07608695652173914
0.05405405405405406
0.02
0.0392156862745098
0.0196078431372549
0.02912621359223301
0.03669724770642202
0.08461538461538462
0.03333333333333333
0.05172413793103448
0.11728395061728394
0.04861111111111111
0.05426356589147287
0.055944055944055944
0.04854368932038835
0.10344827586206896
0.07692307692307693
0.046875
0.020202020202020204
0.027777777777777776
0.05303030303030303
0.05084745762711865
0.043478260869565216
0.04950495049504951
0.020833333333333332
0.010752688172043012
0.08695652173913043
0.05154639175257732
0.09395973154362416
0.07801418439716312
0.05
0.0392156862745098
0.010101010101010102
0.029411764705882353
0.021505376344086023
0.02727272727272727
0.028846153846153848
0.09243697478991597
0.03636363636363636
0.017543859649122806
0.017241379310344827
0.0297029702970297
0.039603960396039604
0.06363636363636363
0.03597122302158273
0.07407407407407407
0.030927835051546393
0.01098901098901099
0.029850746268656716
0.0297029702970297
0.009708737864077669
0.05
0.06153846153846154
0.05172413793103448
0.06722689075630252
0.0962962962962963
0.019417475728155338
0.0297029702970297
0.03418803418803419
0.08955223880597014
0.01680672268907563
0.07377049180327869
0.027522935779816515
0.03816793893129771
0.05
0.010101010101010102
0.058823529411764705
0.0
0.07333333333333333
0.04950495049504951
0.04878048780487805
0.09166666666666666
0.03669724770642202
0.058823529411764705
0.038461538461538464
0.024793388429752067
0.04310344827586207
0.08695652173913043
0.027777777777777776
0.025210084033613446
0.072
0.02912621359223301
0.0718954248366013
0.05263157894736842
0.10256410256410256
0.010638297872340425
0.04
0.058333333333333334
0.10687022900763359
0.022727272727272728
0.0
0.04040404040404041
0.0423728813559322
0.020618556701030927
0.042735042735042736
0.056
0.010416666666666666
0.010416666666666666
0.010638297872340425
0.05217391304347826
0.019801980198019802
0.0625
0.07633587786259542
0.07936507936507936
0.038834951456310676
0.07142857142857142
0.010869565217391304
0.05217391304347826
0.027522935779816515
0.02631578947368421
0.058823529411764705
0.06542056074766354
0.02631578947368421
0.057692307692307696
0.04716981132075472
0.06875
0.07017543859649122
0.058823529411764705
0.0
0.07272727272727272
0.056
0.0661764705882353
0.01904761904761905
0.02040816326530612
0.054878048780487805
0.10294117647058823
0.028846153846153848
0.12598425196850394
0.0782608695652174
0.05309734513274336
0.040983606557377046
0.0
0.03125
0.043478260869565216
0.0
0.03225806451612903
0.009900990099009901
0.020202020202020204
0.09836065573770492
0.088
0.05755395683453238
0.022727272727272728
0.11956521739130435
0.07692307692307693
0.0
0.02912621359223301
0.04672897196261682
0.0975609756097561
0.06896551724137931
0.0196078431372549
0.09649122807017543
0.0
0.058333333333333334
0.08527131782945736
0.08823529411764706
0.07563025210084033
0.017543859649122806
0.045454545454545456
0.047619047619047616
0.10852713178294573
0.009615384615384616
0.049586776859504134
0.03968253968253968
0.030927835051546393
0.08947368421052632
0.03389830508474576
0.06766917293233082
0.06369426751592357
0.030303030303030304
0.06896551724137931
0.01904761904761905
0.05813953488372093
0.0661764705882353
0.09740259740259741
0.04918032786885246
0.047619047619047616
0.0423728813559322
0.07766990291262135
0.11428571428571428
0.02631578947368421
0.09615384615384616
0.010101010101010102
0.10569105691056911
0.02830188679245283
0.045454545454545456
0.01
0.04
0.0
0.07317073170731707
0.043859649122807015
0.048
0.021052631578947368
0.07352941176470588
0.04794520547945205
0.11055276381909548
0.028846153846153848
0.09009009009009009
0.027522935779816515
0.07692307692307693
0.03571428571428571
0.09259259259259259
0.0297029702970297
0.0
0.08661417322834646
0.07228915662650602
0.019801980198019802
0.06766917293233082
0.0425531914893617
0.018518518518518517
0.02830188679245283
0.010752688172043012
0.06
0.06578947368421052
0.042735042735042736
0.043859649122807015
0.05309734513274336
0.059322033898305086
0.020618556701030927
0.04854368932038835
0.10810810810810811
0.06802721088435375
0.09923664122137404
0.019230769230769232
0.06557377049180328
0.009345794392523364
0.12631578947368421
0.10743801652892562
0.046296296296296294
0.08928571428571429
0.07462686567164178
0.05454545454545454
0.04504504504504504
0.05
0.08522727272727272
0.049019607843137254
0.08383233532934131
0.0728476821192053
0.08064516129032258
0.0
0.09701492537313433
0.09395973154362416
0.04794520547945205
0.042105263157894736
0.0
0.1342281879194631
0.039603960396039604
0.06766917293233082
0.06422018348623854
0.09523809523809523
0.048
0.032
0.09
0.05
0.13513513513513514
0.0880503144654088
0.08955223880597014
0.017543859649122806
0.042105263157894736
0.09401709401709402
0.0603448275862069
0.010526315789473684
0.02727272727272727
0.045454545454545456
0.038461538461538464
0.031914893617021274
0.061068702290076333
0.026785714285714284
0.01
0.08387096774193549
0.07692307692307693
0.08571428571428572
0.07692307692307693
0.041379310344827586
0.15315315315315314
0.1
0.037383177570093455
0.116751269035533
0.07758620689655173
0.01
0.04672897196261682
0.0
0.1171875
0.057692307692307696
0.043859649122807015
0.02702702702702703
0.08461538461538462
0.019417475728155338
0.05714285714285714
0.07575757575757576
0.047619047619047616
0.030303030303030304
0.07920792079207921
0.10050251256281408
0.07534246575342465
0.095
0.07627118644067797
0.030612244897959183
0.1
0.09210526315789473
0.07246376811594203
0.12096774193548387
0.06756756756756757
0.06428571428571428
0.0967741935483871
0.010416666666666666
0.020833333333333332
0.10256410256410256
0.01834862385321101
0.02608695652173913
0.010526315789473684
0.03389830508474576
0.04285714285714286
0.041666666666666664
0.027777777777777776
0.08441558441558442
0.10273972602739725
0.05517241379310345
0.06493506493506493
0.05
0.08270676691729323
0.0989010989010989
0.020202020202020204
0.09302325581395349
0.10215053763440861
0.041379310344827586
0.021505376344086023
0.06474820143884892
0.05555555555555555
0.05555555555555555
0.049586776859504134
0.031496062992125984
0.08759124087591241
0.046296296296296294
0.05357142857142857
0.0
0.03968253968253968
0.07051282051282051
0.06299212598425197
0.15428571428571428
0.010416666666666666
0.12142857142857143
0.036585365853658534
0.04504504504504504
0.027522935779816515
0.0880503144654088
0.02654867256637168
0.12087912087912088
0.07751937984496124
0.03773584905660377
0.03076923076923077
0.02127659574468085
0.04081632653061224
0.021505376344086023
0.0196078431372549
0.08053691275167785
0.041237113402061855
0.03508771929824561
0.02830188679245283
0.009900990099009901
0.06060606060606061
0.05172413793103448
0.08955223880597014
0.06206896551724138
0.09016393442622951
0.10218978102189781
0.04316546762589928
0.06716417910447761
0.07857142857142857
0.07913669064748201
0.06349206349206349
0.11627906976744186
0.08387096774193549
0.07758620689655173
0.05737704918032787
0.046875
0.024193548387096774
0.05303030303030303
0.06315789473684211
0.10666666666666667
0.10227272727272728
0.027777777777777776
0.03875968992248062
0.0
0.019417475728155338
0.07142857142857142
0.1625
0.06722689075630252
0.10619469026548672
0.072
0.034782608695652174
0.02127659574468085
0.045871559633027525
0.13366336633663367
0.044642857142857144
0.10625
0.027522935779816515
0.018867924528301886
0.04
0.027522935779816515
0.08955223880597014
0.06779661016949153
0.07236842105263158
0.08695652173913043
0.08196721311475409
0.05454545454545454
0.07317073170731707
0.0728476821192053
0.04310344827586207
0.010309278350515464
0.010309278350515464
0.10666666666666667
0.027522935779816515
0.04081632653061224
0.019801980198019802
0.009900990099009901
0.0380952380952381
0.00980392156862745
0.04310344827586207
0.05
0.04504504504504504
0.04411764705882353
0.0297029702970297
0.01904761904761905
0.011764705882352941
0.02912621359223301
0.08108108108108109
0.015625
0.02727272727272727
0.019801980198019802
0.0
0.03636363636363636
0.01818181818181818
0.0380952380952381
0.07751937984496124
0.027777777777777776
0.0
0.10476190476190476
0.0
0.030927835051546393
0.047619047619047616
0.045871559633027525
0.017699115044247787
0.06896551724137931
0.049586776859504134
0.0
0.08247422680412371
0.030612244897959183
0.10294117647058823
0.0743801652892562
0.010638297872340425
0.00980392156862745
0.0380952380952381
0.043859649122807015
0.03773584905660377
0.010526315789473684
0.0
0.010101010101010102
0.05172413793103448
0.04716981132075472
0.030612244897959183
0.0847457627118644
0.010526315789473684
0.0
0.045871559633027525
0.010526315789473684
0.010526315789473684
0.036036036036036036
0.04195804195804196
0.023529411764705882
0.020833333333333332
0.049586776859504134
0.02531645569620253
0.07272727272727272
0.009900990099009901
0.01
0.030303030303030304
0.07751937984496124
0.05343511450381679
0.04040404040404041
0.01
0.05405405405405406
0.049019607843137254
0.0
0.019801980198019802
0.025210084033613446
0.02654867256637168
0.05263157894736842
0.018867924528301886
0.1323529411764706
0.03571428571428571
0.021505376344086023
0.06086956521739131
0.01020408163265306
0.018518518518518517
0.04672897196261682
0.04040404040404041
0.0390625
0.05747126436781609
0.0
0.021505376344086023
0.010752688172043012
0.04
0.08264462809917356
0.030303030303030304
0.010101010101010102
0.0297029702970297
0.02197802197802198
0.018518518518518517
0.018867924528301886
0.04
0.049586776859504134
0.018867924528301886
0.045454545454545456
0.010101010101010102
0.06862745098039216
0.05714285714285714
0.04504504504504504
0.045871559633027525
0.010101010101010102
0.061224489795918366
0.038834951456310676
0.08823529411764706
0.010416666666666666
0.07692307692307693
0.03
0.0
0.04716981132075472
0.06306306306306306
0.0
0.010309278350515464
0.021505376344086023
0.037037037037037035
0.009708737864077669
0.017391304347826087
0.03773584905660377
0.06716417910447761
0.072
0.01904761904761905
0.01
0.043010752688172046
0.010752688172043012
0.037037037037037035
0.018518518518518517
0.019230769230769232
0.041666666666666664
0.06481481481481481
0.01020408163265306
0.08396946564885496
0.027777777777777776
0.027777777777777776
0.0
0.020618556701030927
0.030612244897959183
0.01904761904761905
0.020618556701030927
0.0196078431372549
0.0423728813559322
0.03361344537815126
0.010309278350515464
0.0
0.07142857142857142
0.041666666666666664
0.031578947368421054
0.01
0.1037037037037037
0.07142857142857142
0.009259259259259259
0.058333333333333334
0.010869565217391304
0.056451612903225805
0.0
0.0
0.0948905109489051
0.045454545454545456
0.009900990099009901
0.07142857142857142
0.052083333333333336
0.05511811023622047
0.038834951456310676
0.030612244897959183
0.041666666666666664
0.040983606557377046
0.045454545454545456
0.046296296296296294
0.051470588235294115
0.011111111111111112
0.06349206349206349
0.02912621359223301
0.039603960396039604
0.037037037037037035
0.1079136690647482
0.036036036036036036
0.0763888888888889
0.050505050505050504
0.0
0.0
0.056179775280898875
0.02127659574468085
0.05357142857142857
0.018691588785046728
0.012345679012345678
0.056074766355140186
0.03571428571428571
0.01904761904761905
0.05737704918032787
0.0
0.03816793893129771
0.045871559633027525
0.027522935779816515
0.027777777777777776
0.06896551724137931
0.036036036036036036
0.08870967741935484
0.04040404040404041
0.0
0.045871559633027525
0.049019607843137254
0.046296296296296294
0.030303030303030304
0.05511811023622047
0.06976744186046512
0.039603960396039604
0.0297029702970297
0.012658227848101266
0.12269938650306748
0.009900990099009901
0.01680672268907563
0.07575757575757576
0.06299212598425197
0.06451612903225806
0.08461538461538462
0.07627118644067797
0.008771929824561403
0.0
0.009708737864077669
0.06172839506172839
0.028037383177570093
0.01020408163265306
0.031578947368421054
0.05714285714285714
0.023529411764705882
0.0196078431372549
0.0743801652892562
0.010638297872340425
0.03125
0.018867924528301886
0.011904761904761904
0.06756756756756757
0.04716981132075472
0.0
0.0
0.009523809523809525
0.07272727272727272
0.0
0.036036036036036036
0.03773584905660377
0.009900990099009901
0.009174311926605505
0.040983606557377046
0.0
0.06923076923076923
0.036036036036036036
0.020833333333333332
0.030612244897959183
0.009523809523809525
0.12359550561797752
0.0
0.08695652173913043
