0.13068086211861374
0.050448313764928594
0.21422854983424056
0.07145497541817603
0.080524295448546
0.13129202534837578
0.07237459630942765
0.09391735697978675
0.0074309978768577496
0.15682396029475237
0.2470486172174516
0.0859160061769676
0.0714794387388164
0.015588361510718943
0.07206270789807132
0.18079991964209569
0.1292214738989701
0.11923719998938546
0.09861642392894818
0.08434714293810841
0.08075926243186356
0.07709412317406025
0.12720452927522838
0.1416000907731933
0.029331238413711054
0.3293225550948144
0.05753959051950654
0.10825983823554386
0.05329194158435865
0.16061345443349753
0.060478481386509506
0.01962285584972402
1.0
0.06920287979690828
0.05556079167483862
0.18338010330956775
0.15957638779388142
0.02908810354916622
0.08763317180098759
0.03308393178418251
0.1439772381986303
0.14562388694126158
0.009984841975961674
0.19854902590221013
0.011802575107296138
0.017723556019485037
0.14544031049889106
0.04749579454416405
0.05860078823050387
0.11081292191269036
0.11312946346910092
0.031142843270020287
0.05986057537484102
0.10305102669935365
0.05517127257635015
0.06500370282534235
0.15259006286632804
0.08167949656105362
0.054012537722981986
0.1279291447166
0.11083322243127802
0.2104922409735244
0.09597966522011223
0.012648136177547942
0.08242052783515935
0.051019958979830485
0.09627034839868595
0.13739688791665464
0.08645979474558466
0.06910816900329889
0.013827838827838827
0.013618326118326118
0.03484036859245955
0.09472671015895201
0.18978046970859908
0.23552355891370902
0.15520017827386806
0.15577235706651973
0.1683104327652742
0.1650735294117647
0.11627169523228792
0.08190488029047194
0.14247482128090674
0.06108889270727961
0.22025658709431467
0.08266344443888891
0.058996153005361505
0.09567135843063336
0.10551086206677074
0.027491340699647718
0.10983569623936076
0.09003275486789959
0.1772932918109853
0.02635120939149618
0.048811960943059785
0.041584131040717745
0.03196464808153677
0.07322160370102258
0.03935150510978414
0.11716336916427197
0.12446157544815514
0.07477805708045192
0.27110102580569617
0.23189247493870058
0.20212987715594735
0.19053357783797623
0.06778580107110144
0.1690381146577482
0.07957080915578289
0.26673466752559244
0.10516406990666338
0.18733914046989622
0.044605082637514885
0.1488558891635456
0.024349618393435364
0.09937141042946257
0.17098349617296457
0.012923365628766339
0.2506499203330482
0.14770743890116306
0.2121826697833828
0.0408454923084967
0.18276138367667735
0.0594650858215622
0.10619709712496521
0.3684916162652981
0.25090677334792066
0.17862889816824845
0.23992860957631462
0.4315466641692327
0.06490314290150315
0.1563115517603661
0.09030568441270818
0.15680545876205598
0.13736109479422146
0.2352934648711118
0.13817982235568818
0.1017964722563368
0.10527115210452484
0.09435571067846417
0.08660797882901666
0.05457220271471833
0.194861362385268
0.2562388944259659
0.024218857671139397
0.1959911603000606
0.11900937149129899
0.23143746408136054
0.19909284405806768
0.17895484655609778
0.04077106340916929
0.1297519065624823
0.12033551401984541
0.27328789085050625
0.08255914564561834
0.11705108235160035
0.1335562451132315
0.12231465304422612
0.22268764709659739
0.1347452286574888
0.10221503232153441
0.12841521715323004
0.13055378408315424
0.1296582035811699
0.07880812041357463
0.09098445655701834
0.06742527088475808
0.12104570299508965
0.06096257026133848
0.08377804653223535
0.08092198204959289
0.08270057855310028
0.3037797582116021
0.14775267714969226
0.13861184154053244
0.22465351915445508
0.22510993455058603
0.11368723060378297
0.11371981681442463
0.07343291023910985
0.11931290314234123
0.044356645006490926
0.26107368786374074
0.20138583410447022
0.1492499574472583
0.020211257524344342
0.28484818552420266
0.11985428348754727
0.21634687309036688
0.24805959239964612
0.1451704934418955
0.1387474465272771
0.15767684578744232
0.17757932594318213
0.15093815438781247
0.09599850691846668
0.15628195303694659
0.1765114331602887
0.18398385411485269
0.02035082858044504
0.1692083478436015
0.21178508749107827
0.19491438090809668
0.17083278695207593
0.16519251445166774
0.12460571960901604
0.0433343334843506
0.1259981073491109
0.32371837440102424
0.14095851847232527
0.2542196414731038
0.09955788793071027
0.14694014319952914
0.10670563926053482
0.16890237523986917
0.040182469419254054
0.15510504781217094
0.16888421211603177
0.12345956423469451
0.09247009392617253
0.32145446600412586
0.15861630935460522
0.2692558853671656
0.16742667140333933
0.19538709803206075
0.04661417163984756
0.1754250940215945
0.30769336165692984
0.16065415521204768
0.21295747895016814
0.15516412670600957
0.22439299560243028
0.342243360394824
0.18596575624519934
0.14373086087538556
0.21194829303521126
0.26691041005054406
0.09221201700521209
0.1358135086134659
0.1683456182014217
0.22724263715836446
0.14257364139661693
0.03362377539971367
0.2507007650863158
0.08359993192815879
0.21421296079098898
0.5114066892802202
0.1280246884823723
0.16827817834828096
0.0842854652348538
0.15688471864254053
0.453081228795456
0.12385387141503622
0.0730817249007415
0.2346157439541493
0.1377910747692101
0.19590145099515716
0.06500805405137991
0.21003606081142004
0.16553003702946925
0.04966481473069246
0.23590856094523677
0.14623864393290004
0.175445016740101
0.0928491615546776
0.1602953243817163
0.025264812827861652
0.23342268426852197
0.17763998793123878
0.17311654171391305
0.10892074901238602
0.12769693363690165
0.05933322429536509
0.05066636643185156
0.1795540953898408
0.0960780533778863
0.036766762944830424
0.24653707983345866
0.13027422060867477
0.11468943977968377
0.18553475237469066
0.0540264813586103
0.20468497481417358
0.22625710062004178
0.17554871160993127
0.20694452651224834
0.24325961063802104
0.11052880210170984
0.2548194877034409
0.1605727128776977
0.12683870075646214
0.14698591098147112
0.1339672592124557
0.15879837124190213
0.13913700749390318
0.117069321064411
0.11835070581454338
0.039022985063847035
0.09658451682920782
0.10501562321892073
0.17347736590208074
0.11425131116564487
0.12225653483104063
0.19085436200701658
0.17947448009233347
0.05600984069438317
0.12170142343748833
0.06475292687733133
0.13875351993840207
0.2530007260122048
0.07294107822226319
0.11762139146479068
0.04647058446345016
0.05232525263176195
0.09370577791754128
0.22617285620367314
0.11121418481341547
0.06468632885705203
0.21495091042335795
0.23485889275308341
0.1554449257949401
0.11245701476822724
0.2311286746347147
0.11071250861463133
0.11117039164895431
0.2851911252635384
0.051890737382445234
0.2855982402706752
0.2722799109859479
0.1477046860410831
0.17417717785168124
0.11406158401226349
0.06857481739887447
0.177287443492913
0.1492245810049782
0.09085105383397114
0.14866759135967952
0.17218038247542736
0.22922561197491442
0.18993880188806575
0.0949974226323544
0.12009350312193853
0.03421112254740127
0.22349052779467865
0.12833862245164754
0.03764471057884231
0.16856640822533014
0.1149210661837432
0.12840182334417485
0.15269607843137256
0.1325557281566904
0.18233854013420633
0.14249979495071516
0.191236643716174
0.09883405044771311
0.2888224900327987
0.03431495886684689
0.14740916659475622
0.1476251560256025
0.23666808460496208
0.1366730041839812
0.1260713968462216
0.08673895930453925
0.06205069229781757
0.1760328240773013
0.14757543097882253
0.14361359489516545
0.07482267936071621
0.13266066818445596
0.2302251958510413
0.2228892636669093
0.0808952704627432
0.14458874016612455
0.14345899713883764
0.041449483701160555
0.11031794252822544
0.09816243746499924
0.2058770223477836
0.16530484504331353
0.05965753671897611
0.11005396662385958
0.1369252944687291
0.21072473851913445
0.3671775865939067
0.15327205101728317
0.14476341039217033
0.04940220981094035
0.014675052410901468
0.08818274799883191
0.11214570659839546
0.13680216288383243
0.23787882488143386
0.2453897382467357
0.23778331506244194
0.10698508558148234
0.04854931840525484
0.1414507159430486
0.07343187987983159
0.1185904408937127
0.21304001722995955
0.08743425428949622
0.030808831986232098
0.043591617248906256
0.06535202923768874
0.033712237937590046
0.02561961065250539
0.1825236400233603
0.015046296296296295
0.05964387355225988
0.04675989115942973
0.03186888169992522
0.0888404191115269
0.12519212135395294
0.0626957917006686
0.07201054383377636
0.1476190508313637
0.041477864369758255
0.11370589102787788
0.05291687955459506
0.16161041966099843
0.07196776263962446
0.07944918213975118
0.1209755634184858
0.0586738922490206
0.014988382899392349
0.18311939462084287
0.17894459706515276
0.07406207289876479
0.13835196427083832
0.308804062680629
0.04036592699084852
0.10535335652054709
0.1764133681287485
0.07075158520972294
0.17986707918275105
0.0990136615335038
0.09185598252376068
0.16672676973532877
0.08718744655775644
0.04746633140795993
0.10010212418300654
0.23098754149987605
0.14668925093654195
0.00411522633744856
0.3257997626620724
0.14010183634660203
0.15289947878214988
0.017261152426857766
0.2085966583685133
0.14472713686525057
0.02315051374531048
0.07111614134382381
0.048594498776015384
0.16058788289751139
0.22743566055350206
0.10944576616293208
0.05203315775242168
0.16811505405082605
0.19974496245529322
0.0625180075227075
0.08399578340882419
0.1190716272789095
0.18887818221598504
0.14475848902805116
0.08974922912910241
0.17258243784099261
0.18902249440558522
0.042728973749572775
0.1675680996383482
0.07987651076234689
0.08883635115524183
0.08680938084833553
0.23873150047387603
0.0725682837980499
0.0467330112644077
0.14267823447220582
0.043854416571849686
0.14757867665522328
0.05403277604510217
0.10521727329119825
0.196923429212065
0.04362393630889957
0.18512513745478895
0.20943307309805498
0.22446194555139562
0.0766413020021563
0.15784992786410224
0.023471032366511768
0.22155424266242263
0.08790334896826459
0.18038054853897306
0.16127450980392158
0.3030520776741536
0.05391429352257132
0.16447253548078272
0.0998900245688653
0.09218470655254431
0.07007141408214726
0.05352162112831491
0.09331115510487231
0.38328449328449327
0.12905642241078016
0.05799559480609698
0.13837740643348723
0.15432981603559545
0.12483773994281654
0.10684073536493827
0.1155884794009679
0.06665793617102257
0.04536031057031399
0.06039418637956047
0.15340892676033038
0.11356973875100262
0.27026346511036514
0.047866832208945706
0.1553416050729818
0.10355931867806079
0.05080235080175382
0.2172099140395309
0.12087136574676471
0.036136044508185035
0.09272830358165979
0.03380442049307621
0.07545386705333909
0.08049692301981
0.12067968822190292
0.14457224173586816
0.16398536735559813
0.15256017738448419
0.09077293626277125
0.13034856015240182
0.10746255324221271
0.043659859479121044
0.0411618363579209
0.051108581852564935
0.1466093126854176
0.09714534003269286
0.027832468260190618
0.02815943767975136
0.12518750469832676
0.09364434252687087
0.12640691056124892
0.13381787869864198
0.13377267662444772
0.04477695340139963
0.009593855743396648
0.19386131194240616
0.023747114774020694
0.1146635776817665
0.08808469868145813
0.06157141417430954
0.20597473909537015
0.125504306247832
0.09695845389215102
0.1288305573915346
0.011772790844871747
0.2042325015244873
0.03697524709404978
0.07405731571852281
0.03815064676142639
0.2244926494328915
0.08768821218440545
0.10521489520250056
0.07173954416207022
0.04242647043323349
0.11698598958105938
0.08542284501366648
0.024988041304428173
0.04524551874419741
0.23818434543991074
0.06824232799556285
0.27572698243387794
0.1717038480016898
0.10814356276215674
0.1253597350782516
0.04712002106693609
0.07259587096475273
0.14342472575113513
0.02425047764320647
0.17058436152899795
0.11560238917366841
0.21277672056054367
0.143077819325003
0.1234943545104265
0.07610434054630492
0.0695837180309354
0.11506884866167938
0.058930489472211633
0.0968186575426614
0.12419799244570984
0.0759492576051222
0.1993824508622284
0.07239003653355286
0.19883789455271444
0.017886971794304027
0.16551865552461983
0.1718482395913204
0.08094130398026043
0.14507277968283747
0.17662554243602582
0.08605876097394943
0.06435979009200722
0.11551887910646508
0.0927173174964119
0.08251658518131703
0.0809975866689455
0.0701995915720143
0.041290703713384766
0.02550094875672082
0.18292527144084814
0.06328545516029715
0.052934794813817236
0.06783681115683146
0.08269143014890679
0.057826364778583814
0.10543634904712938
0.06258527370237524
0.0858116333087469
0.12561980768874115
0.12454105674993272
0.13081520750284842
0.12708414693209244
0.21881299008198
0.07634198991829787
0.1322638146167558
0.026655289564751786
0.14520828850918935
0.034623872778246786
0.044147834663709806
0.13092651521832271
0.03807093228385327
0.15569855234405477
0.11837362714310118
0.11566454767955019
0.05678573933652699
0.010956175298804782
0.038477192363184705
0.17330095651773525
0.08909141317460076
0.06975303826540846
0.05587736680555185
0.1542952436668845
0.05929651177282329
0.04386202092855319
0.09032448616618091
0.03002256086028478
0.15928635156752666
0.12895371885430612
0.022552191314384518
0.1580347980278385
0.10061288955968124
0.07593530124432375
0.02593136284082724
0.11126231870862113
0.1956198829467055
0.08310402270156922
0.1683968779490697
0.12647346025502512
0.08502400436597976
0.15587730274230205
0.12587919288814808
0.137207726802733
0.1503576587566151
0.037038783063086944
0.04506999754212573
0.08373959118300414
0.17238739272049286
0.05028601794886781
0.06642499085045972
0.08655924364613943
0.10911534105218014
0.13218373249058238
0.10091079516038168
0.09291995835436925
0.025111147256560398
0.020162006774005592
0.12388492108885724
0.06210860637976151
0.06823069007792665
0.03871932931407911
0.051700316363809784
0.13530374697206807
0.062473535111887725
0.11259544558869193
0.05557807451464571
0.10999990042888903
0.12172137346062686
0.11749925386508452
0.029083201765749824
0.13663417740952977
0.091064970932517
0.04342655023230031
0.08482951729490443
0.02216439112450808
0.05108090482904266
0.11810544928061706
0.05730549626950294
0.11977689313274385
0.029343020066383296
0.07058716365648023
0.1740484788989506
0.03525897879510393
0.06154208273181934
0.0828554449784151
0.192375641423351
0.057034307221005595
0.09352434917356103
0.10306779671208342
0.1112491971706618
0.12025328936076046
0.15278912369027828
0.021540755535974253
0.18035403829330426
0.017792340299393763
0.10232822563481499
0.14030597537710315
0.05091802043339257
0.038749299838279044
0.23471400394477318
0.06017943977792454
0.20980049497882922
0.06380711161141037
0.10763458804865562
0.19820950169673157
0.13716536449475614
0.12060760012346716
0.07190796084333002
0.0869945478333372
0.11807236770250543
0.0882943051263062
0.14102038916453713
0.1284062215989899
0.11021533151028842
0.06409024984965575
0.1753472222222222
0.09950417783019713
0.19236519645566988
0.08517032907655707
0.09737804155750351
0.14544866553479438
0.037638017585370234
0.15726374955180114
0.011085182526985553
0.1071966712759641
0.2148951170944754
0.15836817733690767
0.1197614334590048
0.05018261919354748
0.06442639687208546
0.09447245480938912
0.09649790013977419
0.1496993069288564
0.1012416964737492
0.16606290072585034
0.09068295580447239
0.05728814993521429
0.02061863455131428
0.17470921125207126
0.01131687242798354
0.09560452749312762
0.03848012889366273
0.06660020676574999
0.08544126954347407
0.11723049734084612
0.1755712297538442
0.3874346898555292
0.08322725730072059
0.15657467813947443
0.20305445153637924
0.25925742713498234
0.02994548363520923
0.1473160446632838
0.2271645129715094
0.04116375323714391
0.046613848076355394
0.0750859992295378
0.053683807631250996
0.06264617486706625
0.10416133732668988
0.13730212543304732
0.09041992531303368
0.06660019797724313
0.037169071992130785
0.04148024106564391
0.5079345434543454
0.09493955307273992
0.036563239750377785
0.07495035673072886
0.1137578063035687
0.11988918581035166
0.0974564771205117
0.22682778869288028
0.046192670125842425
0.16578379606912502
0.003936065771445231
0.11138747457316826
0.17816938232309987
0.052768452095773084
0.062245483113683046
0.21188751479240542
0.13531483074371062
0.13580108519504844
0.021573351972560748
0.20434448159799112
0.1154880202940745
0.11014773919560374
0.12302452176267101
0.18988327144482142
0.19845884595407276
0.11430617464501626
0.010043112889230318
0.0448210558498799
0.34409333472847126
0.06411188219568785
0.061948143382878615
0.03312680645663112
0.1457428706038604
0.031117204005219723
0.08085761436483775
0.10127363451831536
0.12739263114194063
0.1335386291910396
0.11622075694837995
0.05245750851855342
0.18313279345569172
0.30039427336751795
0.1845049268419151
0.024662817698889845
0.12910595757787222
0.06387234873633607
0.16688229510301458
0.012806963283340352
0.11305994915125296
0.29723998758163755
0.019845927683889108
0.17230594775963262
0.05119656358999439
0.46658606518061757
0.18733051047144977
0.0804277415187847
0.05928502320077579
0.1070621281602899
0.18810630439999135
0.16983214271651612
0.12242147913183718
0.14502964476247993
0.013375332638918673
0.1103098278178625
0.2528633869897403
0.1713919915159747
0.12389737463571675
0.1290884594061642
0.036077581361357525
0.1667249467990201
0.09529481301063261
0.08467893350645563
0.029109102859578358
0.041344953068555554
0.11831759934425383
0.14853753729646815
0.10474185527901979
0.024056046555960747
0.022670935202904512
0.01054889574965892
0.1443782074935159
0.13936270206352305
0.17180777548541115
0.17425618287309233
0.06607776439129423
0.07152014188512452
0.047699870867799324
0.10786967443953599
0.047017312642312646
0.07185025507349635
0.039758669096053814
0.08213240218294421
0.07608220376415727
0.08194464624769521
0.03582490530651066
0.18103492996050996
0.16524471581514158
0.052090459128922795
0.10176569621794958
0.08460696811848348
0.02865335051546392
0.011235193625457824
0.046210755489930117
0.027356591456909444
0.03071161744637084
0.15930668496510209
0.1624515436548466
0.13485853785138696
0.0695110890544671
0.15874164993560386
0.1763277087471601
0.0344979566880048
0.08630585648831501
0.16299009641014706
0.06245587644300676
0.040990148893829716
0.06277459344153154
0.07728409694246516
0.09792287491436942
0.12378706360593018
0.1763036275130881
0.020764750319301823
0.19226111534242654
0.08991133493225278
0.10473850624182232
0.13034062339557778
0.11844619487382788
0.0501860817928207
0.11867109594189805
0.07192221077939243
0.08758794134106061
0.13214856921881446
0.08884711479418286
0.07004040136753686
0.1401059286516523
0.1273200157266409
0.16135693563746162
0.20880671778359125
0.14767351274839974
0.013452860180425673
0.09129473262469973
0.07970425401932252
0.14698605998305903
0.09897091379234235
0.006097560975609756
0.0341587980404899
0.16069332195532354
0.0301520341728338
0.13550819275854534
0.12131128609492701
0.013053988023645565
0.03509316808819708
0.005030181086519115
0.06472914504873839
0.02219287311725953
0.1886139863479856
0.13029974060081798
0.09724896092026604
0.05263371812812301
0.05976010009306579
0.030269672532407914
0.11147796052125866
0.1330883494794255
0.07287606088224535
0.1015769583126794
0.09208417339799553
0.14309682511145702
0.0712405202948202
0.2631274225503631
0.20136121937530907
0.1131465714684774
0.029199781722604918
0.024414324708435988
0.2592148232444938
0.13023816823713108
0.1035567692246098
0.07860784700812777
0.032134522443983946
0.1797189832447486
0.13898357813558143
0.15847908305621394
0.26698123810935326
0.16074345756898273
0.09781684904555768
0.13719624646298553
0.001006036217303823
0.162481388996464
0.12433765426784425
0.01056425423335653
0.2272092131735114
0.1431192772963908
0.016875888424584026
0.21495113037346641
0.1421544605602232
0.10986677133777752
0.15744322511421477
0.2816837644081256
0.14234162056802901
0.012062007522130222
0.028032273212980782
0.14820349686053216
0.13288986783836138
0.08538295112680597
0.02281171503393726
0.13873845918960698
0.11742589615870558
0.08959775527139
0.11736947919493299
0.1929359950246211
0.13429406471644467
0.07401871535881122
0.11321255219078001
0.1277763245788081
0.278732196891175
0.04784921008965237
0.09849705554376473
0.06460961148276043
0.04205122299059478
0.2690668433212757
0.06094736893030826
0.151762433325108
0.14083061212625242
0.09112619211528789
0.05857898154132735
0.06511210937441626
0.1958096247121306
0.11251538955264676
0.24427334292171488
0.08184051187310679
0.08282063239107292
0.10494872235780382
0.08303073920577825
0.21642034978233898
0.06213650504638114
0.1837138839982326
0.01715781140042224
0.20147438453833622
0.03652489889675092
0.04073701640975146
0.02030547067311773
0.07463513033987165
0.002066115702479339
0.09884293708000035
0.08246109898677674
0.07411782709790185
0.05625261771483086
0.15696844162277487
0.21170640080387004
0.26715135416277624
0.04496898984447542
0.08664277270944662
0.05220759768482385
0.25765076812140764
0.09382304182446209
0.09812055462339163
0.0137524557956778
0.021680311153995366
0.1256080957712993
0.20376807703869634
0.033387549357972876
0.1685034372006597
0.24428881783304843
0.04974489680092763
0.04233590960234453
0.0718555900621118
0.1949923756732884
0.1986511290102721
0.102937116734949
0.06646597056349991
0.08373116523972696
0.06304452808377428
0.017974922466076577
0.07056995156651018
0.0761910378386837
0.23250195862534884
0.09772174275052013
0.02775298286252041
0.12219818535548654
0.07405870819297236
0.25509798570831244
0.13230475634437772
0.14421711377161867
0.10316365341582545
0.1784096357742894
0.18010507322645114
0.04774878829245938
0.09655069985503617
0.3510344924152516
0.07393968761266254
0.27609801897697145
0.17732267686784248
0.20882128592924926
0.046584907314265095
0.16813065632519453
0.18745235050746067
0.16813973069966415
0.01
0.0041928721174004195
0.3811838780655292
0.05062374502352938
0.14815293821766218
0.09962813238179222
0.061932687033806215
0.11136147766124156
0.06974167885344466
0.2731750047735254
0.04353385650107277
0.26516712467489567
0.26078153401768533
0.2907893931480156
0.24030029575550693
0.015081568238181202
0.09107504163811918
0.07882863967896125
0.1993566430086806
0.12681091669084948
0.06516294785718037
0.11336580087372278
0.013854254192170967
0.1942543991496325
0.09085125954162412
0.16052020114897467
0.1907526445888752
0.21332140672529368
0.20039114708267766
0.2235007078511123
0.16512327527537762
0.3609613844513719
0.1580563002492489
0.09973466890820906
0.24994998434115323
0.1254265596057183
0.10532245532245532
0.08070375632397335
0.004347826086956522
0.18518821304134792
0.11235663550817022
0.03551985145564391
0.0764290521485409
0.24554192831400268
0.11229483223498293
0.1380280603369991
0.16922973123752644
0.07288283032241147
0.07003416969430207
0.21321726694650434
0.30399709628787985
0.2279713765453538
0.3063202597362524
0.06735440210196156
0.14631271866590395
0.19474634701218999
0.16857985164037986
0.16889030285901627
0.15251205173228438
0.13544164890920526
0.14736985324844248
0.09536663582472069
0.012937807795575847
0.015046151911202392
0.19889423266305978
0.09668008952637566
0.23551559610184675
0.006329113924050633
0.08118668187409558
0.12412607821709803
0.18340234595241653
0.10948230394494293
0.1557818935998445
0.162905166668774
0.1706212019579334
0.05128307971078993
0.09307649283581199
0.10952258404445284
0.26314143648203503
0.045645725869028854
0.12710787518019118
0.3947553387147562
0.1807615367050439
0.01584703902730283
0.14121539671928496
0.09971515751712831
0.09542894062322979
0.116838578192426
0.08448488916707438
0.11359755629134567
0.21938623617211442
0.11820113483233952
0.10094803716856421
0.08204398649884193
0.21143135408809718
0.09416078584948212
0.2811727623225584
0.025916177560753963
0.3637999847881179
0.0883845910157151
0.06312391334062148
0.0888744858559902
0.22869117013573587
0.07664290058971918
0.1295677329970787
0.11151002797457961
0.05926803771422431
0.14833956701747353
0.013794087887527437
0.05360483841046411
0.01400907029478458
0.03452279867785225
0.20487183669653733
0.017814952059629907
0.04740289704517799
0.05145040320612441
0.017216516331987824
0.13042043914187385
0.0754678824295996
0.12443758231650323
0.1771750365659386
0.12660439311164717
0.14017312420706068
0.17518017487584334
0.11768751119775868
0.17183162647304553
0.17104591247921408
0.116353786426627
0.23002744747679116
0.23063904139630798
0.15337030809576507
0.09743643158222313
0.23555324214719267
0.0881665219959887
0.14038340375846187
0.044639432297660146
0.1640977531906072
0.2409183615515981
0.03642154682042537
0.16680414092451387
0.2648226960770484
0.13992673964933233
0.09075730475902027
0.24260748401288432
0.06300351358044103
0.3300960269336763
0.13690627393869545
0.06057554753423857
0.014453281489336632
0.05746828044090391
0.2811497297831376
0.06568620392787236
0.20532383628252743
0.09479920854056371
0.023977257597470335
0.13407661517608052
0.07780709580533968
0.1714590888247745
0.07206250938823926
0.2527344299664658
0.124653726425902
0.10240733520129848
0.0982221620720942
0.11793859895989559
0.17781739939012786
0.0817765260921238
0.008375363265538355
0.00808080808080808
0.1539686023582419
0.09939169884438678
0.041817793955991445
0.049477027003158126
0.025510917922114712
0.05403787258206597
0.013624983462161903
0.05095637925976022
0.14037974630234135
0.08521721808357252
0.14637925996477139
0.09219887244338276
0.20143315508021392
0.12686500493179523
0.12606111740026618
0.11001464265067402
0.10332960433715498
0.049392431386513225
0.02665983952462267
0.04829071696505334
0.053339500914918375
0.06968836591355926
0.09757888326016671
0.13052019753662913
0.08310038629671078
0.047808649151360155
0.14961253617594153
0.04880023467261413
0.016603065276743607
0.09418224577280304
0.09753720961520931
0.044653358882426844
0.1357816166975843
0.1402645240709124
0.015360522020578088
0.09640715096764717
0.16981357701686833
0.1303092722478499
0.069292422711703
0.01345934891947162
0.027208739738013743
0.08916480103255131
0.1556070641658044
0.06344404433408482
0.025107560003205513
0.13600234472087344
0.20904308248602574
0.09377946422017613
0.14840761618118836
0.07975487286908131
0.16051887127138986
0.006012024048096192
0.0009900990099009901
0.05151017677391568
0.049082381097793074
0.012983091787439612
0.23430208458622515
0.1606897684344099
0.10658012468605127
0.022732734249168517
0.08358531408297268
0.031783595975465574
0.08246448625538659
0.04503287409983414
0.05672708967445772
0.036689756950959315
0.21312506402452472
0.22019590333983083
0.0197214734950584
0.01769611905128562
0.15176926891861647
0.07190049746899188
0.13355938095839576
0.027715332741485472
0.06811798979457356
0.06666000224170968
0.1711631925546314
0.0349780084533744
0.20472809921008484
0.07003297724517739
0.01236291539188632
0.11764270040806059
0.13431030593281618
0.10898589627006883
0.11355943348031765
0.029161703701970444
0.09431838665690986
0.24988028499631346
0.028022834525710687
0.2516660970608339
0.022289106903068668
0.019266579196694826
0.0914902639978784
0.03141908718383183
0.2924933841987185
0.14104829401285118
0.061759091822382955
0.06162842712842713
0.09792381170586298
0.038665027208543395
0.06881302247946833
0.07808882861838211
0.06743197881335196
0.032484381946137696
0.11763057196535724
0.09182497508457553
0.09450800239323073
0.08568948037073719
0.0755586647454472
0.2752545455529591
0.04344130573845123
0.12679967427185776
0.0339897220149321
0.1640727308777526
0.049111455038032645
0.005030181086519115
0.04091742745257571
0.07586294100242767
0.0409200827476095
0.026962485984129723
0.02153918577938463
0.1955649653310415
0.09535535727069079
0.07097896286464411
0.08080566344296289
0.13037315124366225
0.07381418546399239
0.06812190804894303
0.084119456204897
0.007446808510638298
0.04016017814225775
0.06404871502809018
0.05494158293869758
0.059363279247983514
0.17137781864274856
0.09188718909517732
0.01571724464270895
0.10705229856414578
0.045225403928957394
0.06364536267027354
0.07103066180935033
0.0675028649843996
0.02683847488740266
0.062768043800674
0.036989524246925136
0.05155977474058756
0.17049055765767257
0.07438260991064519
0.05225095545472243
0.06641384543687989
0.07425652709304356
0.1322758837351008
0.027956188548293806
0.018236534848559905
0.18352845375133242
0.20280511977170015
0.09658509109539747
0.15568158538247062
0.01804771315640881
0.1818289569829256
0.02160394932935917
0.0766548528357277
0.1456473437817199
0.0742119709639362
0.05247442551869575
0.11649234582446441
0.020975914727022572
0.09631198190094814
0.027561336974215957
0.05198846590610791
0.09108740111080461
0.1486094325263579
0.036592509573176425
0.07224208963339399
0.13283448583288401
0.0010351966873706005
0.10489731846195656
0.03677669448480832
0.13775572965991403
0.07755487180918488
0.1479951422883788
0.09682029189717765
0.1456422023126704
0.12704711361027068
0.3225881440317797
0.03209336599618258
0.13416311242328105
0.006122448979591836
0.091417010458555
0.043418136732883576
0.31653073723661956
0.09578388121236003
0.05224288959875248
0.09259707931235536
0.1931785765577576
0.32913372130630997
0.10530101168753099
0.11191518376710383
0.04437474659228646
0.07390014832520646
0.08168309516346543
0.057443396410246025
0.18385016858215478
0.06537043222837269
0.00404040404040404
0.06994367178466403
0.13215499511453727
0.1452039658288778
0.012396694214876033
0.14913100193187467
0.10610498124919471
0.027450347218792453
0.05350429910043631
0.017156503144406372
0.20561139598708772
0.06932401566395789
0.0937430332400665
0.09499655881552854
0.13011577146039832
0.28370564891616235
0.09516585952099575
0.14077222829950603
0.08875097650723932
0.010338851144338244
0.029428078396463324
0.10249930276314709
0.13688565698661678
0.06615708046877519
0.25580490775165643
0.09779958365721567
0.12992017281467516
0.04549472864140836
0.17556664052723944
0.043595779220779216
0.034656224084367034
0.06566306656094736
0.1445649907888022
0.16873544384680336
0.04362395058538747
0.02121579394382844
0.03932372013785485
0.046894236943789365
0.09875301712587778
0.024294368603831516
0.12329332219412384
0.06424444705009727
0.0306330302520961
0.020038076152304612
0.0751967058893771
0.006903353057199211
0.11578266798749472
0.047871889683808344
0.0627649669512877
0.07251649483375916
0.06520464973641464
0.21649546968483444
0.003937007874015748
0.10545824834177119
