0.18170428872977998
0.598253612697216
0.444761280935447
0.32404109738216164
0.28530842436231313
0.2693340479808068
0.18881072609423635
0.20041858672826734
0.3523757251818476
0.3531687688019546
0.15135653619066752
0.2768406809216736
0.3088932949389897
0.03604563977564193
0.28915297477606333
0.22411951827345852
0.14722511269074925
0.22161879927230826
0.278790746208923
0.1226632581745455
0.09328632256475614
0.2585706213812533
0.20355524744272646
0.12320202256442771
0.16669951460503915
0.1746274559984745
0.1578709168338785
0.13968711682155185
0.16144896191666275
0.19818279205892558
0.33930924665139434
0.16287385634871326
0.02631578947368421
0.4300609848165349
0.13144158429870853
0.5001305766658095
0.3290101151439925
0.3958687834945295
0.19734019395371394
0.3357566076390393
0.516515693465941
0.3895032447483021
0.09415484861923071
0.28272694368045487
0.6246990869724361
0.0608963773715534
0.30754416960592956
0.0754412352159119
0.14737610761915046
0.3336925921286978
0.237328362444234
0.2860581122614526
0.2667497324784575
0.18897365764843022
0.0634799278660173
0.1436937912304515
0.255371813057518
0.2651021887935285
0.1467228014898338
0.24477762016463836
0.26125509021229226
0.47066549206571295
0.21593217784669216
0.34821672478640925
0.44262900092120916
0.3667626906631022
0.23300390306450391
0.2352914775980871
0.25184687933938693
0.4811188738456349
0.01848293343315456
0.06414746877591021
0.0976944009822434
0.26696394930263706
0.19157162715014037
0.4577995761449453
0.5826095867775924
0.10141305497212716
0.27021320856944026
0.5556766106899697
0.33574419376355524
0.2841864350000656
0.401969207796446
0.3568326048187203
0.32458726505188334
0.31278113889686543
0.1867466462253265
0.4105168902889729
0.3105681496277391
0.0634027672044499
0.37881755614776985
0.35489782417054205
0.2580652451424792
0.0324438486914607
0.04158755200152071
0.10849399169365129
0.07673261597288943
0.49025482838076084
0.3440233328556128
0.19871059576938618
0.17012175132946875
0.1991290927345523
0.4057292277031851
0.6001887742770939
0.2504193076867734
0.5176234410392636
0.24562994749137268
0.3841949731526208
0.2790639965503966
0.38922982550378715
0.3344391110641358
0.2962377406897237
0.07758406143826063
0.4252932033450909
0.09913107722528632
0.429295585436162
0.27138432892252734
0.2185181485181485
0.7221628193905537
0.18187201506586553
0.528359811108017
0.3362166832587246
0.48801612912693954
0.328866181566071
0.4889320478150358
0.45557086313120976
0.42648724748059497
0.502077262795149
0.43001193618280037
0.4934025191450197
0.09649855900249757
0.38269131528524125
0.2247207350094919
0.26405362839979113
0.2829970631977821
0.3341869488354451
0.34093144596132463
0.46205207713634305
0.24327242025835502
0.15824197793836908
0.18194613582822428
0.26170473891407087
0.34262490612710644
0.6043187316805408
0.06854336195375606
0.37789523994496294
0.39202914012835455
0.3028873057737499
0.48310440179182257
0.4665173703955129
0.3726368445500678
0.4851238987111267
0.4486452125147449
0.35688813873723685
0.2115317245084191
0.19799164503517572
0.31310610206070916
0.1689405930464236
0.46008284809410577
0.30981508915787703
0.3036025496835729
0.33822818534230253
0.10921040197967428
0.19975617449753127
0.18036765181016057
0.315316944752673
0.31298786156943914
0.1602712021312014
0.5961846731570457
0.16401173478938919
0.244404936322882
0.07153915640062387
0.511073557943915
0.4492407412109157
0.48307148273987083
0.2691571564077148
0.20673792956295556
0.1674646642369264
0.17274356266435226
0.25849044219816575
0.43180944626178774
0.08805506529406357
0.3775725233281492
0.29776274735610575
0.3626570944339727
0.19431714854746573
0.4218747523505144
0.5239083148771725
0.369977846715415
0.5196953510033521
0.2912761277528701
0.6575825216450215
0.5199877112546544
0.5226439842917552
0.4506408421265769
0.2844010948103552
0.36555682227989716
0.48846080180481416
0.2964843430209011
0.07498918485545772
0.3546952834501822
0.29156949499921314
0.3984670190755333
0.2814734816027954
0.3127009280187602
0.23431173425741275
0.11366346887393677
0.39568046471922436
0.27362495814073723
0.08586303313830504
0.31576087842483974
0.30890390074098756
0.3759760324317259
0.3476937475606765
0.3392393234109473
0.13004821827283913
0.33700234383074135
0.44422079694405003
0.16303620888142853
0.30743440545261635
0.5446837457801696
0.36046194082295635
0.3709602049679275
0.4521020752408138
0.3254089786959865
0.09018293411381023
0.23469127951013227
0.34961814628123455
0.2769999616871016
0.37228182278629335
0.2959356842032152
0.3084352552012623
0.6971941787410281
0.4172634298072284
0.3186157641918464
0.14383221412305305
0.4172198931299915
0.30725233951278325
0.5245382498653812
0.4366251136265227
0.21611600131597428
0.3017759865185894
0.038715821466142726
0.3756641422184273
0.3825438035281103
0.3784042348747912
0.5775222842810679
0.30392936191794506
0.2842048497341019
0.43731978047762216
0.39981395630708744
0.5396919307575413
0.4516376343576548
0.26335407550118217
0.35063603286195744
0.3322522384361224
0.49058106236650345
0.1723664300874867
0.4672892673347113
0.428457106274518
0.10100652704924643
0.21039818894778603
0.25250963489702904
0.35629251312313487
0.3016522084112372
0.39051576555163225
0.31706831154533327
0.17838489716389183
0.3954027438520617
0.2750652915492001
0.236371887374671
0.3131037800191908
0.431847172198096
0.25964868494943494
0.32654842477560775
0.15278640441683922
0.06930206351333847
0.2711193605008521
0.1899096920921654
0.5788821452510058
0.38153350701625593
0.1691358465146996
0.382192745252475
0.3166706515822465
0.21428273899423908
0.35824364154511085
0.28478559199630704
0.23089216045676708
0.5580045923474198
0.3405338650907793
0.5223911446494295
0.2731636992768314
0.3724189545374902
0.38916585334852705
0.217610905622913
0.1899945883991714
0.20682871526186283
0.11854732612205454
0.3131037800191908
0.43548456897865023
0.2437435779781225
0.11195531085533941
0.2811101144787771
0.4036180624014884
0.2716623247056427
0.22667198720065287
0.2643950852343643
0.38232766347625957
0.2296488011105207
0.4536947172387137
0.44486000776696044
0.29541439238468425
0.04303042043889044
0.2038382504733594
0.2353514068645654
0.4840802934327779
0.23058608100831934
0.06074214745202551
0.48946786068635334
0.4395057124054842
0.3436764569575147
0.3936243598698812
0.3290283854532242
0.4140412188075385
0.16747445261643518
0.48243121048902804
0.12492035464724664
0.35339313354002033
0.40180412161838847
0.10202605523602053
0.3242429501002033
0.42219102911344364
0.24321880193096432
0.36550702263759965
0.38145888371616077
0.18456799818179478
0.4566407132099757
0.3198951456109257
0.4832208654945016
0.1969667372382773
0.3104237633160275
0.5005339752063424
0.04310671969149125
0.43912647140585825
0.4524952021245916
0.03820481878988902
0.3167656141820197
0.22973352176786632
0.36089137886201567
0.10107708650137241
0.5233185112797577
0.5057135519596616
0.2728728018335618
0.3094898199068981
0.24023501501126604
0.46739289645099313
0.2665820676400626
0.11836193879698816
0.3940440591764851
0.3428729746300282
0.16370980535279855
0.2953744393085377
0.32537266545732246
0.0580211418074531
0.21513856917355018
0.24406889818298663
0.2476695027816253
0.0806761916615816
0.40558107642624747
0.47915834120638046
0.28696489606886044
0.3919678012078026
0.6596583497313429
0.3371393719753941
0.06120618846122747
0.11687400457777528
0.3577399660882562
0.5689584224191212
0.42232409302981666
0.2828697642381488
0.28959356133261355
0.2076321608508141
0.4014816792969683
0.3068715543974406
0.33688383027378915
0.2777707308802265
0.10775858282819825
0.0635706166722514
0.20133558763044535
0.11769821274049869
0.3309330787320294
0.574569034932272
0.4333749542446038
0.4108882849434264
0.4165713698630984
0.05182880733427868
0.4278438821245695
0.1241500102812429
0.23422954660230585
0.39974769580624747
0.18846293121877025
0.06522494333262971
0.030873616584988127
0.2808794750840446
0.11092700731832454
0.685181435947565
0.30073023119043923
0.25147567367253854
0.10863510670453164
0.14020306661878923
0.3629134540949665
0.14350115508598124
0.20355709443392458
0.4278870504473335
0.47214045234420177
0.2831619696464859
0.13214485521692418
0.20564615397289504
0.32449708369889013
0.29888032463235437
0.3328677767564536
0.38556473424303356
0.04212117851103177
0.13863182819254546
0.03783584400594797
0.26278888180450777
0.4385227890197515
0.3695457961635254
0.288362615651547
0.5859054052394846
0.3411095066290437
0.17849279258939116
0.49496491658071107
0.2957099510910945
0.18347829766222362
0.2547902785505824
0.1760484552201596
0.31701735790947755
0.20150678259827898
0.16428779090473586
0.025951287834529123
0.4177963028560251
0.33957315294142404
0.01109580046002772
0.4014310589014357
0.2532848831995619
0.46623587818289464
0.22606894695462007
0.4118638806038152
0.3266702468434121
0.23730768937040153
0.1466169993329067
0.4849141284881084
0.316008051955921
0.21903427483327792
0.2626499881693178
0.4798974793202734
0.2501875173328865
0.17076248126762247
0.3735546642405588
0.6128013772660854
0.14617644197662283
0.31737806370415167
0.25595423054478783
0.08151367892004663
0.5246784969202121
0.30444098869278774
0.2228279986725633
0.38504380147453493
0.10946959368588917
0.23019743674071114
0.40770987596656283
0.4971013635932078
0.376743667318854
0.11022478473503243
0.26763637128266615
0.21286363841495184
0.3361307815627962
0.29952432012167185
0.3348147917479924
0.2805820244041442
0.6989744647169592
0.31986554882651863
0.22966329571145994
0.5901725419253846
0.1547484538228514
0.13919053365661166
0.36851754746029664
0.41317563486509085
0.43051569080961477
0.5069186720052988
0.06368299252144657
0.40489120018225583
0.13993219690485365
0.28651051178846976
0.32251026559755175
0.4304550270775927
0.5733441537381042
0.19479312859073405
0.11392166406719145
0.27349857867161254
0.23783219770298783
0.35012500473335934
0.2981206594176038
0.2150110929123024
0.2096329963864355
0.32598440314195254
0.22862936805028075
0.3706839694816668
0.14186820733567107
0.27214447516014245
0.36318268519220853
0.2083997189792341
0.38855886329032274
0.18157552818959652
0.20622315671758168
0.2545727139823567
0.2517809582271874
0.4132659411489875
0.2794012801707422
0.05289316969400311
0.330904369040794
0.177163661783449
0.31666965668119706
0.41344126728114217
0.3744359262337512
0.3161261047116701
0.37770655793576347
0.3587189379399366
0.17760231617510194
0.2995074672114318
0.10046687414121377
0.03170774785570052
0.6189881994739751
0.10516000120305388
0.6349236499530156
0.12785918148983055
0.44969446422313664
0.018748729243131423
0.3188104749398561
0.1377012300926416
0.1801869169913089
0.27824239291859293
0.1415715655964892
0.07148358132379201
0.09879561859999997
0.3914850476715015
0.12629968312000034
0.2783157264692725
0.320823473804256
0.3038689436971794
0.29202738720772536
0.41240900514418233
0.300653249116476
0.38447990160463164
0.06667688571217772
0.469073740246985
0.07082315558644921
0.18227091445536284
0.37672670222910315
0.36090928674094586
0.12524343964664955
0.352771073373787
0.12068239276538958
0.10797289310760333
0.22111031758052907
0.20857563863221745
0.2751534307121922
0.14903441025997471
0.22035098561369648
0.18662887856683538
0.385991729509625
0.1797950326196951
0.3391212481035461
0.35125655761784425
0.18547348658311538
0.1556155584774362
0.3013237302988441
0.23653761680844046
0.4765111805837515
0.315865213386041
0.3748825171891408
0.3636073221237506
0.3232466877756658
0.5712973830394095
0.15564198061503054
0.3113146094685039
0.061493576874373894
0.19898247616968728
0.28677758031405165
0.22500377098531674
0.4254080642819991
0.11536646819266291
0.45182172218318595
0.03948981502981936
0.32575267353651643
0.28638324059312936
0.10036821541146182
0.29224229911890576
0.412291025357303
0.2502107587070842
0.13568147337374042
0.3476107042967387
0.3188257030633927
0.20922121870265273
0.2280308754016283
0.516147537776394
0.2998642893596042
0.05615400236886167
0.14077989755014736
0.1776031399996421
0.30349583083325604
0.19685317917862666
0.18188813717403376
0.13561749642921966
0.34495383297402404
0.13910679712173146
0.4836269958100974
0.26477862436115984
0.30091922598778825
0.29754308549275005
0.20329283969405398
0.3573171219333766
0.23315435337620527
0.10806614508725836
0.18510071491659721
0.39706314748226335
0.43616514986821553
0.09320633853036887
0.3066293680939688
0.047930065604162214
0.23158038368977346
0.5003401405438666
0.24687184256544623
0.3733736443964864
0.06856443326899431
0.19986217447129304
0.27513184406943364
0.27075932825320903
0.3565700264314072
0.24875955451696985
0.31759916782642833
0.4182524334763448
0.3449411185014643
0.07308461781685069
0.25147567367253854
0.3347094206990486
0.2175111193892475
0.0734848811883168
0.2949770132555682
0.2390572390658153
0.28768479482635495
0.18119125094777802
0.33546452312145314
0.540832710682134
0.1008735861408385
0.31242146109827595
0.1342228321719038
0.2963838649852115
0.34359128512557346
0.17588767388945792
0.22247379705148257
0.2371237534740572
0.07659600712807252
0.16069972828686802
0.1935567530363047
0.21760039517119173
0.4385728127574842
0.17449270132941633
0.39579430378034675
0.29094352192212175
0.3713453245876204
0.4562055793572845
0.3509680033444961
0.08839398952302178
0.24162317485734164
0.4884391651186609
0.2984550243743347
0.3001305463546853
0.13898047611714348
0.5514915698906255
0.20390107635057148
0.19532282179171878
0.23360137427720518
0.2653832042248523
0.24027557167386804
0.10071920683898214
0.3776867748742481
0.07318658314825899
0.36010075706061173
0.29037888274648194
0.1583457875618641
0.3909586238536145
0.049248784966092134
0.12546257443840295
0.23070687482170912
0.23714730029477704
0.2626009290986313
0.066004202252386
0.248029162422206
0.14696393540177533
0.13893252841870296
0.3266100079372616
0.26668209276176286
0.32935119887092623
0.3014067617929316
0.33910387464325775
0.1371406122146424
0.19697797246898094
0.15837193324005866
0.37440637471321986
0.20778257178005258
0.2253476523665212
0.5680377681330646
0.41982234732344537
0.28838083537603454
0.31222275778789477
0.44600038909429085
0.37213315420211973
0.08137682135400476
0.10586986246784397
0.3736861627128841
0.2284850931971886
0.36909305205812065
0.3428277592350829
0.37093726820530487
0.17057126064686778
0.2812494612991164
0.24965504631638546
0.39267929145346797
0.3047589519341839
0.27941766401726603
0.23898422646390002
0.10979755179013413
0.21941365099890872
0.23644737385283987
0.4945878478415412
0.11260803846187506
0.32180724347697465
0.23670130948145077
0.37795190148110247
0.37224033228408254
0.1354829458882939
0.316223431377944
0.3508764674175102
0.2816870720537441
0.11447955177640567
0.10776844489574779
0.23079864998473804
0.43042282203963583
0.18744775925065665
0.19225949002510778
0.23111192659027083
0.5253942704952628
0.11909983467192839
0.1694721120747539
0.040552473236664076
0.23825137645465086
0.0257448899595242
0.1773858804139623
0.169614139248214
0.16326248935799842
0.17985338677267626
0.30957889102436875
0.2930466759888123
0.331097284055053
0.5472897415187923
0.3345000483068684
0.5413618365752821
0.42272209979419734
0.16022775127980418
0.4532098222971081
0.3906632947504214
0.08913692918641675
0.03180027800254275
0.18273379392193312
0.08503528149364473
0.09002251129572247
0.11952701460497048
0.29218640053884953
0.24492796715545623
0.1337232580361866
0.20464441817133358
0.04284454771197957
0.19545454545454546
0.09091004547568615
0.08759347082241642
0.31996230591543035
0.05193463616707544
0.21305964185624438
0.09971412852285265
0.255172567543627
0.13482776316372522
0.2207620981349466
0.03714604924821158
0.2462167336406803
0.32561036079527833
0.33251221995995717
0.13258176793330895
0.34441432225713714
0.3762318458138914
0.270894556214029
0.2567280417927414
0.3737344648579014
0.23071295241643067
0.12344819090385914
0.2562809996126194
0.09024435351271093
0.22587619500508316
0.15972024273862723
0.03982474173043295
0.15822604241073857
0.013864258068308957
0.07884041230479458
0.11468412804501753
0.10598145878665843
0.1082463072153034
0.1726559213791146
0.1724108091949878
0.22777777777777777
0.2088167222940739
0.19790236105438525
0.13127514572451576
0.19404982681562877
0.19786753619381847
0.3780795809970046
0.31514105823004457
0.030292965851846442
0.1484411100437824
0.36192497365402077
0.17925549025493637
0.07807380665286841
0.15039031214389795
0.30767976015623405
0.05078161012406003
0.23337169356892032
0.04715636163242208
0.3094921870614079
0.17118977507588806
0.21735670433320067
0.5513294056734459
0.22448783788402885
0.04716557515269261
0.32848180123289017
0.10334215882864548
0.2971064509722839
0.025999729533439795
0.2000263057612678
0.29971895829524975
0.16975398574192135
0.2518055763386895
0.31544899320827346
0.16107659352284956
0.3648432831816187
0.0940591641027382
0.2047992680640342
0.10032405161147581
0.10310509424083981
0.21173251464019238
0.18437165879634276
0.08775526090427875
0.13387183304477468
0.3069829672077387
0.02098645806848038
0.23233357570377283
0.3420128037580922
0.1554516380874663
0.2612626026104013
0.13641875875828172
0.1247042060318889
0.47778041761607737
0.28244609916361385
0.09295879466321023
0.10519602256930177
0.1424613852536344
0.21773154381480397
0.10984103028324584
0.10662691351353579
0.06480896870389946
0.17799587740024309
0.3857937566948841
0.09598147896054707
0.1734666486610331
0.25819734599940264
0.28655997264202604
0.011671377013507418
0.1536633041548438
0.04983187045647003
0.04825312031263866
0.16878364319612493
0.15440796315726837
0.3574648421411399
0.12446699880925514
0.21718459161071513
0.4609184764119663
0.058452243728823884
0.2359032786119765
0.14874992656117114
0.08127413716200707
0.160653009628734
0.13926774159647548
0.18001662731337553
0.2202447900021478
0.14570607088619925
0.1617217343818922
0.024656642275761684
0.2853852546927398
0.25422132778776807
0.21106128381200956
0.16337592357234776
0.24748051641458174
0.13425563270121155
0.21316889215141172
0.1523914310086063
0.17322276196570596
0.1724342147431081
0.1973792820909741
0.1586403920095949
0.16673057655249557
0.1371956648152683
0.3282324415216923
0.18233378506100914
0.34770782288037677
0.031180196849834897
0.13264466013047166
0.1539300217632243
0.1773752795800998
0.11039464669497359
0.01754110324400459
0.03765911981529725
0.30574490986363356
0.03666517193644547
0.1851475513815526
0.1534112268427121
0.015462181231776579
0.24578973276905186
0.015477485017483575
0.14774115828771914
0.036298989486215474
0.14379466731719934
0.13742713782241356
0.20487443831768407
0.2835544173291899
0.17867276561153808
0.09300682261208577
0.27065533031919853
0.2766086564254506
0.1078734291638341
0.1929728351321187
0.046426813383927734
0.1905363858198215
0.04778067574744711
0.3067616029554836
0.22313201250393908
0.26409755672676416
0.07706026772282465
0.4205400933738974
0.3176966860977347
0.2085143958288713
0.1777503955059513
0.09139908221609559
0.14184724042835511
0.26595544115165753
0.2108770216553917
0.16196309356668387
0.40134266445696204
0.13064085347343615
0.13332419031420323
0.19102621693414948
0.00510204081632653
0.41892797032115914
0.42049499299250953
0.0804319230349151
0.42251984126984127
0.6336281366175707
0.06396863814729815
0.42974337382883165
0.1398834408079086
0.14455171643179615
0.2763432051625612
0.32733640989541135
0.37170380334172126
0.07239113644820783
0.08505224352417168
0.3562530628985053
0.3399526986784436
0.2181967461369205
0.13194713690207194
0.3814099500594135
0.07455565176997359
0.15202732451575995
0.24492104700816436
0.240423672233294
0.30073862893402786
0.2300298643719707
0.14168289023483704
0.16305724608893077
0.296901191368718
0.04281776985063233
0.1342963108363611
0.11151410464699205
0.09647568577638183
0.3281220856237309
0.22217537054095404
0.31483462749412794
0.19279262474499875
0.18873400970803833
0.11942902513820874
0.14565646412560695
0.2563869221968612
0.2477476662545762
0.28395300620506914
0.11261569368428043
0.3069355979461678
0.21449129889557625
0.16226581102356677
0.2568832204427815
0.11818146050743894
0.29548778955810745
0.032335120204968544
0.17425085688510167
0.4640891111959414
0.19363513242880115
0.042233146744200756
0.14998285396949654
0.031184012066365008
0.40328223748491326
0.161486551985618
0.1278629601139769
0.8525085034013605
0.2232977185541986
0.26412866971655646
0.46721266448510024
0.10589367231954436
0.17818820112372794
0.1499212131333871
0.28023320458926015
0.5908975489167321
0.12885832612885123
0.04983187045647003
0.028818120882203972
0.29238255869540997
0.44020847672982816
0.10971871219581864
0.14426384825470395
0.29740935318278056
0.1515170525512785
0.1279462368540426
0.15560868626057386
0.2914278490934099
0.21301282852127745
0.18752153004144387
0.14669230424067237
0.17600422391415704
0.07717673426228555
0.0886723322619844
0.22201744767923198
0.12301024061829047
0.22287623432564663
0.18426295977417395
0.06556945708638558
0.13249333005924388
0.10786111068420219
0.3875954751566281
0.3415607976810907
0.17044127139496823
0.1290916226456466
0.28159236034332685
0.18131013396890505
0.13463092822819095
0.11447952792476662
0.38636306634360085
0.11908700670267161
0.26333864294853127
0.2062641950340155
0.2688748089582784
0.029844021360816986
0.2974164133522223
0.2607623912534412
0.3271343717591224
0.016868799390867335
0.014708989033262383
0.5094615229050802
0.050427246282183674
0.2629466615884859
0.14114875243447836
0.2272309387981928
0.2785823861417502
0.19079681905340182
0.48162301321766376
0.08043271064183546
0.2560304071720127
0.2549392718644391
0.2724377069970253
0.13851956809878588
0.05815530127478107
0.11867069493086833
0.14415491601539146
0.7403439153439153
0.18485900643606282
0.14758492611689417
0.2165225467249541
0.21337588241293795
0.5342898671468054
0.1008658128266949
0.26060146561333153
0.35665625098068754
0.35169636573358826
0.3856384653275871
0.5531556277056509
0.43084550164121194
0.5629164216940424
0.15535731329779323
0.17569235839700248
0.34923064252566066
0.20918009131801388
0.2124982164453178
0.20064339938302633
0.042181029353712964
0.2399638640204922
0.40090631808836547
0.23862724802764224
0.20730556480889686
0.20267520611068618
0.18816511939098793
0.1870706134016078
0.23429245675426652
0.08552076989217916
0.30394710284767773
0.3399735195575908
0.3116940663185839
0.5685224889322206
0.41532628261365817
0.17688778292323679
0.0542934391524996
0.314659682814472
0.30464795092932
0.2378481565038771
0.5009105895438222
0.18062185766465644
0.23411154682351434
0.20793219011464031
0.025026064575983813
0.09505375609193617
0.47109574517099617
0.19629672875244852
0.5141718395187179
0.022459415991487514
0.3611123646119011
0.23850889469261252
0.25543334467175877
0.17008879919005515
0.26803572889877847
0.24734347262127887
0.2401732503725718
0.08092267281049698
0.13734706112413161
0.19539297893506272
0.2869168540526823
0.43919213886828384
0.19600500425532907
0.3039184366902078
0.234201922058376
0.10459938340005036
0.20169429174164094
0.3217211296279203
0.16893007458471704
0.2045764120383875
0.17965995354724687
0.13662242043217643
0.4002871565597789
0.4596400034658521
0.4197349390702349
0.1772516869119753
0.3050814729911091
0.13882440238886973
0.4303546698066453
0.19714834233331238
0.42488884520196935
0.4177746157408102
0.09994466543657543
0.20802409136906555
0.38758254015770394
0.3190420490634196
0.1883785277923453
0.3190732451984025
0.12855888786179592
0.1815955760169455
0.010899896268976519
0.12501485150598843
0.12499148319542885
0.0380416992887348
0.25950895193366363
0.022124950958234954
0.4508479738916673
0.07873621664243995
0.040603217352283054
0.2913416711236883
0.22956495166383623
0.29534208537654816
0.296291209190108
0.20658811724710335
0.45639901584386144
0.29561743214584474
0.3436516246864973
0.1713257762628014
0.3452898489196517
0.2845288524722947
0.2513074390404085
0.4012871804570344
0.4220974305088214
0.12370110852398551
0.2185116743312935
0.24770808178027848
0.17066353857104127
0.241184531066553
0.17855410594341692
0.39695227225600505
0.259126711451271
0.1389325224542249
0.2974018379281537
0.21043678393393384
0.2771332838294547
0.4564817173317638
0.2993339216934248
0.4688830977379075
0.27747006131891017
0.25416704571342263
0.046734717822611
0.17329620444818425
0.3539181441420789
0.09484038799260203
0.38274088948776375
0.2758214668058439
0.28652004482663584
0.264458653770594
0.3120057960734706
0.17131034862717937
0.10032115674121121
0.3782049614745096
0.23755093572760566
0.10046923233517374
0.19722597837255534
0.37391426490821167
0.37322317021259993
0.24582410243771108
0.021180416972610833
0.046446002165851555
0.26600976288224265
0.30550849889530035
0.04207841278225291
0.03300228581101856
0.07324778668722123
0.042359065990110245
0.18761701968188832
0.08835441432955678
0.10072252111926801
0.1587303669173622
0.3134432224002219
0.5767893154569118
0.18755117247255232
0.15828575254889465
0.1273964972620258
0.16757176216717734
0.2423348076522332
0.20300769399043944
0.1443529160468746
0.31629046079234047
0.1374507464877979
0.08854202809954483
0.151222357821802
0.20391298287256604
0.13351405008996128
0.02800232288037166
0.20349262033150517
0.07564059250914176
0.0374295028890457
0.12961919918751183
0.10042962060846382
0.05813321739556464
0.11589872182461183
0.16948496480744757
0.01766544422078637
0.305591968456596
0.07810496788588396
0.2406762024640623
0.1591326031240165
0.42849277587435236
0.056353840688004364
0.07543052252833014
0.1795756290293734
0.11620439905665877
0.04890790598363693
0.0716365158534556
0.3192660533850272
0.14942182641820484
0.12286570114320813
0.09356829782487372
0.23805325960644452
0.03752339210253075
0.021739130434782608
0.11193680960937563
0.023255741786851625
0.4204499748617396
0.12745701413970736
0.291556966727188
0.13584894490038604
0.11043843383300136
0.21980888057526615
0.11936333624647445
0.09017396645442244
0.06755520575468148
0.10697784840332936
0.15882869338224412
0.22026394330699456
0.2935604166737961
0.07737482680720906
0.13514173687474856
0.18451495140259297
0.12596213771778011
0.1068434199831659
0.1877435076023799
0.09010306069439283
0.12255976956280053
0.03867808747901533
0.1135794589628794
0.26325383091752713
0.5441318947135632
0.025402668312372867
0.3355932930412656
0.07160706900143908
0.13176208974308729
0.342769307556043
0.09448633639230788
0.24044685624364082
0.19260655719995226
0.021432004381478187
0.28143772893772895
0.015741097386408182
0.03585242340769862
0.2953522950239059
0.034377974090127786
0.4769774450164639
0.08406571279474709
0.1923076923076923
0.22552775807331849
0.12491444504600782
0.2195442970408417
0.11925777340488539
0.09278511903104636
0.15277589576461575
0.048439142924077604
0.30871903807558004
0.054489315498449986
0.16247593790594553
0.18275138563760313
0.19038892303708788
0.23595953705668174
0.30059451244735746
0.19239309110980204
0.0362220478697305
0.2205557772952968
0.0625537046722546
0.0565789069330115
0.07364423431077938
0.13511073710527585
0.028144871198918755
0.25826362659512214
0.07112642856599405
0.3280148715608083
0.15064777323040202
0.1066753717300432
0.10659926919390494
0.16810732485393842
0.12950319257006093
0.21464182003245025
0.043034406490138344
0.01528120289323425
0.024698362773720506
0.2487407070291138
0.2214201034572172
0.07033434700895555
0.19430739150255022
0.1803860191356982
0.10130734714606139
0.35090712543586255
0.1928542375266904
0.18028573128151007
0.11627965580171462
0.05525644391942441
0.06875071348383709
0.13755339402276412
0.5044930914064166
0.19166020552465268
0.3801209631336281
0.18053533931048443
0.07193493536302764
0.025088170390457902
0.20988992317757382
0.29729248900040944
0.028187461719691744
0.10736359948193465
0.31343083363812474
0.30055719592488217
0.18339936568704304
0.13224784905676512
0.06538750417269389
0.13559461423963592
0.112548748050102
0.19812724310379332
0.16256923306564208
0.2166273375391353
0.04158483394784052
0.21734962754865178
0.05781817296275264
0.1986612690639872
0.24234074347854623
0.09309466745955597
0.09126945013277248
0.14677274826962616
0.08838400155670004
0.0883278260365892
0.15260750936790654
0.006578947368421052
0.31716027287783727
0.34604312176309837
0.53104066035385
0.1051669156959674
0.15211465404592167
0.1528130758054174
0.20007507199587105
0.3367550500705758
0.09314084826047253
0.16375219959778783
0.2028367921136024
0.03388217908892612
0.09401405754858927
0.15966206244515366
0.5757641527358865
0.19767457532786623
0.14093835109318553
0.19777427021517455
0.38438463583135984
0.7222527472527471
0.19583610514958744
0.1067005705758639
0.0816357306989881
0.11715643857561706
0.29594498594120466
0.10554957023433362
0.1375272305487941
0.23099855104517023
0.012741490891720931
0.14173626899227995
0.32992114384906207
0.11917395152829194
0.03385722212241413
0.2910981948361706
0.21080390936822033
0.16904361874641688
0.11229778821736316
0.023956728758436303
0.23762359019131224
0.06881738847824852
0.4736884877345634
0.1544435732318724
0.22569562069233412
0.3426573096224296
0.19161787124974583
0.269294894743176
0.09473975830918842
0.05152541885187076
0.09340833880071499
0.31320633440576495
0.19653410547044922
0.12512165259618088
0.33210393578742986
0.16902769017450886
0.13277532217625423
0.2551948897740446
0.20748528291420826
0.1159789973380237
0.07077874541150601
0.0802103528686119
0.6076716656435042
0.3447891673345247
0.14563520868490035
0.054315293480253546
0.6291643305673917
0.09065731662916666
0.16798231224405671
0.025245718389033864
0.16213741181119154
0.09199712703298249
0.041284506770231044
0.10971266611473517
0.2961433918703142
0.015568783057329776
0.3019946589219152
0.10292524583216907
0.13349931465470202
0.04569696325827703
0.0773326148317832
0.5096032329399622
0.04370991934849237
0.23328811377213302
