0.06766917293233082
0.02857142857142857
0.1
0.06422018348623854
0.07368421052631578
0.05
0.0425531914893617
0.0891089108910891
0.0
0.06993006993006994
0.07692307692307693
0.058823529411764705
0.057692307692307696
0.0
0.02586206896551724
0.058333333333333334
0.072
0.06164383561643835
0.07692307692307693
0.05102040816326531
0.05042016806722689
0.009433962264150943
0.06666666666666667
0.06493506493506493
0.012987012987012988
0.10638297872340426
0.0449438202247191
0.072
0.037037037037037035
0.07692307692307693
0.03333333333333333
0.0
0.03225806451612903
0.05555555555555555
0.025210084033613446
0.15841584158415842
0.07258064516129033
0.010309278350515464
0.061855670103092786
0.0
0.09448818897637795
0.07857142857142857
0.01639344262295082
0.11023622047244094
0.0
0.03508771929824561
0.0390625
0.0273972602739726
0.029411764705882353
0.08333333333333333
0.06060606060606061
0.012048192771084338
0.03571428571428571
0.057971014492753624
0.010416666666666666
0.027777777777777776
0.05405405405405406
0.06666666666666667
0.033707865168539325
0.06451612903225806
0.06578947368421052
0.03529411764705882
0.03636363636363636
0.010416666666666666
0.03361344537815126
0.06896551724137931
0.08737864077669903
0.10833333333333334
0.05128205128205128
0.04807692307692308
0.011904761904761904
0.013333333333333334
0.03571428571428571
0.06315789473684211
0.1206896551724138
0.1223021582733813
0.05504587155963303
0.046875
0.1402439024390244
0.058823529411764705
0.042735042735042736
0.06422018348623854
0.08547008547008547
0.06382978723404255
0.11805555555555555
0.02702702702702703
0.019230769230769232
0.06930693069306931
0.0547945205479452
0.024691358024691357
0.08620689655172414
0.06896551724137931
0.11235955056179775
0.02631578947368421
0.023255813953488372
0.022727272727272728
0.06060606060606061
0.01
0.04854368932038835
0.08695652173913043
0.10655737704918032
0.06329113924050633
0.045871559633027525
0.15151515151515152
0.08461538461538462
0.12244897959183673
0.03
0.061068702290076333
0.032520325203252036
0.1347517730496454
0.04411764705882353
0.07947019867549669
0.03409090909090909
0.14545454545454545
0.012658227848101266
0.07017543859649122
0.0821917808219178
0.015384615384615385
0.1402439024390244
0.09803921568627451
0.0859375
0.047058823529411764
0.09558823529411764
0.05172413793103448
0.0364963503649635
0.07659574468085106
0.06741573033707865
0.10638297872340426
0.13333333333333333
0.132
0.0660377358490566
0.0603448275862069
0.06766917293233082
0.09734513274336283
0.05384615384615385
0.09933774834437085
0.09090909090909091
0.04310344827586207
0.04411764705882353
0.06422018348623854
0.06493506493506493
0.014705882352941176
0.05625
0.07329842931937172
0.024390243902439025
0.0625
0.07534246575342465
0.07650273224043716
0.07386363636363637
0.08974358974358974
0.036585365853658534
0.0546875
0.04838709677419355
0.07329842931937172
0.08080808080808081
0.0851063829787234
0.07317073170731707
0.1
0.1347517730496454
0.06766917293233082
0.058823529411764705
0.06779661016949153
0.04950495049504951
0.06015037593984962
0.05
0.045454545454545456
0.056338028169014086
0.03636363636363636
0.03488372093023256
0.041237113402061855
0.07
0.07407407407407407
0.15254237288135594
0.0873015873015873
0.06818181818181818
0.06862745098039216
0.15217391304347827
0.06862745098039216
0.05660377358490566
0.03571428571428571
0.06837606837606838
0.031496062992125984
0.13714285714285715
0.10638297872340426
0.07913669064748201
0.012048192771084338
0.14124293785310735
0.056910569105691054
0.08823529411764706
0.10273972602739725
0.06944444444444445
0.012048192771084338
0.10218978102189781
0.13008130081300814
0.05555555555555555
0.03225806451612903
0.056
0.10317460317460317
0.1
0.014925373134328358
0.09929078014184398
0.0859375
0.09696969696969697
0.10309278350515463
0.06201550387596899
0.0821917808219178
0.027522935779816515
0.05426356589147287
0.13725490196078433
0.0625
0.11811023622047244
0.07547169811320754
0.08333333333333333
0.08791208791208792
0.10344827586206896
0.02247191011235955
0.08333333333333333
0.09230769230769231
0.06837606837606838
0.047619047619047616
0.1111111111111111
0.08823529411764706
0.09248554913294797
0.08974358974358974
0.07586206896551724
0.024691358024691357
0.10810810810810811
0.04132231404958678
0.08196721311475409
0.08383233532934131
0.06521739130434782
0.10191082802547771
0.11682242990654206
0.0967741935483871
0.06206896551724138
0.07142857142857142
0.12080536912751678
0.06363636363636363
0.056
0.06358381502890173
0.10759493670886076
0.07042253521126761
0.022727272727272728
0.12209302325581395
0.045454545454545456
0.125
0.17142857142857143
0.06060606060606061
0.10569105691056911
0.05172413793103448
0.07042253521126761
0.13454545454545455
0.07017543859649122
0.03333333333333333
0.0975609756097561
0.057971014492753624
0.09444444444444444
0.023809523809523808
0.10126582278481013
0.10084033613445378
0.04838709677419355
0.07857142857142857
0.09027777777777778
0.08552631578947369
0.058823529411764705
0.07042253521126761
0.012987012987012988
0.13445378151260504
0.08275862068965517
0.0979020979020979
0.0625
0.046875
0.06451612903225806
0.018518518518518517
0.07633587786259542
0.030303030303030304
0.024096385542168676
0.13043478260869565
0.08
0.09803921568627451
0.14084507042253522
0.042105263157894736
0.15254237288135594
0.11510791366906475
0.12403100775193798
0.11428571428571428
0.144
0.059322033898305086
0.15483870967741936
0.10135135135135136
0.034013605442176874
0.09523809523809523
0.05785123966942149
0.06756756756756757
0.08196721311475409
0.09917355371900827
0.0625
0.046875
0.036585365853658534
0.08403361344537816
0.0821917808219178
0.08045977011494253
0.047619047619047616
0.09345794392523364
0.12030075187969924
0.044444444444444446
0.06428571428571428
0.06578947368421052
0.078125
0.10119047619047619
0.04672897196261682
0.037383177570093455
0.020618556701030927
0.030927835051546393
0.038834951456310676
0.09202453987730061
0.06172839506172839
0.038834951456310676
0.0880503144654088
0.11560693641618497
0.06140350877192982
0.06666666666666667
0.176056338028169
0.05825242718446602
0.05714285714285714
0.20353982300884957
0.02040816326530612
0.09848484848484848
0.1282051282051282
0.05128205128205128
0.09655172413793103
0.05154639175257732
0.047619047619047616
0.12413793103448276
0.04672897196261682
0.06172839506172839
0.10891089108910891
0.09285714285714286
0.10919540229885058
0.20430107526881722
0.02459016393442623
0.0273972602739726
0.012345679012345678
0.13445378151260504
0.041666666666666664
0.027777777777777776
0.09285714285714286
0.05925925925925926
0.07692307692307693
0.03571428571428571
0.06862745098039216
0.10434782608695652
0.049019607843137254
0.10638297872340426
0.040983606557377046
0.10824742268041238
0.02631578947368421
0.07954545454545454
0.08139534883720931
0.11320754716981132
0.06976744186046512
0.06201550387596899
0.05154639175257732
0.017543859649122806
0.11042944785276074
0.07692307692307693
0.034782608695652174
0.042105263157894736
0.09090909090909091
0.11643835616438356
0.09933774834437085
0.017543859649122806
0.08737864077669903
0.0703125
0.03488372093023256
0.049586776859504134
0.05925925925925926
0.1037037037037037
0.09352517985611511
0.04716981132075472
0.07142857142857142
0.08333333333333333
0.08227848101265822
0.15736040609137056
0.06611570247933884
0.050359712230215826
0.04938271604938271
0.0
0.047619047619047616
0.033707865168539325
0.06060606060606061
0.1694915254237288
0.07777777777777778
0.1103448275862069
0.04580152671755725
0.056818181818181816
0.10666666666666667
0.054945054945054944
0.10091743119266056
0.07947019867549669
0.061946902654867256
0.0379746835443038
0.014925373134328358
0.06451612903225806
0.017543859649122806
0.021739130434782608
0.10236220472440945
0.0
0.04395604395604396
0.04597701149425287
0.024390243902439025
0.047619047619047616
0.05813953488372093
0.02127659574468085
0.031496062992125984
0.0547945205479452
0.0
0.06349206349206349
0.027522935779816515
0.0625
0.03636363636363636
0.0625
0.047619047619047616
0.04878048780487805
0.0136986301369863
0.07058823529411765
0.06626506024096386
0.05555555555555555
0.09615384615384616
0.08695652173913043
0.04395604395604396
0.04285714285714286
0.06289308176100629
0.056818181818181816
0.11818181818181818
0.05660377358490566
0.06896551724137931
0.06766917293233082
0.049019607843137254
0.03278688524590164
0.01282051282051282
0.11475409836065574
0.125
0.0
0.22330097087378642
0.11224489795918367
0.12871287128712872
0.02040816326530612
0.09554140127388536
0.05263157894736842
0.011764705882352941
0.0380952380952381
0.03896103896103896
0.07894736842105263
0.10869565217391304
0.07142857142857142
0.054945054945054944
0.09655172413793103
0.041666666666666664
0.028037383177570093
0.02127659574468085
0.07272727272727272
0.08904109589041095
0.08450704225352113
0.0759493670886076
0.09219858156028368
0.07142857142857142
0.03937007874015748
0.06164383561643835
0.019230769230769232
0.07291666666666667
0.07547169811320754
0.11560693641618497
0.06593406593406594
0.01282051282051282
0.11290322580645161
0.05555555555555555
0.075
0.0410958904109589
0.0660377358490566
0.09036144578313253
0.028169014084507043
0.06
0.05555555555555555
0.10059171597633136
0.061855670103092786
0.10975609756097561
0.009900990099009901
0.06521739130434782
0.10891089108910891
0.0880503144654088
0.07407407407407407
0.11949685534591195
0.02727272727272727
0.08695652173913043
0.030303030303030304
0.0707070707070707
0.042105263157894736
0.02830188679245283
0.041666666666666664
0.3333333333333333
0.0847457627118644
0.05555555555555555
0.04938271604938271
0.0603448275862069
0.058823529411764705
0.045454545454545456
0.03125
0.061224489795918366
0.04081632653061224
0.05555555555555555
0.08571428571428572
0.06666666666666667
0.16981132075471697
0.023255813953488372
0.10743801652892562
0.07142857142857142
0.04081632653061224
0.13953488372093023
0.023809523809523808
0.03409090909090909
0.047619047619047616
0.022988505747126436
0.07792207792207792
0.06521739130434782
0.09523809523809523
0.09090909090909091
0.06993006993006994
0.06140350877192982
0.01818181818181818
0.07407407407407407
0.043478260869565216
0.02197802197802198
0.0410958904109589
0.01
0.06818181818181818
0.05333333333333334
0.02531645569620253
0.018867924528301886
0.08270676691729323
0.07216494845360824
0.0743801652892562
0.07792207792207792
0.09565217391304348
0.03571428571428571
0.011363636363636364
0.09937888198757763
0.0379746835443038
0.05660377358490566
0.07207207207207207
0.009345794392523364
0.15454545454545454
0.09090909090909091
0.07627118644067797
0.10714285714285714
0.0
0.1417910447761194
0.0392156862745098
0.056179775280898875
0.027522935779816515
0.07865168539325842
0.011904761904761904
0.06896551724137931
0.05555555555555555
0.014705882352941176
0.0603448275862069
0.045454545454545456
0.02531645569620253
0.046875
0.06944444444444445
0.0392156862745098
0.17391304347826086
0.06896551724137931
0.07766990291262135
0.10714285714285714
0.017543859649122806
0.03669724770642202
0.10909090909090909
0.014705882352941176
0.04225352112676056
0.04132231404958678
0.0738255033557047
0.050505050505050504
0.07792207792207792
0.061855670103092786
0.03875968992248062
0.11009174311926606
0.05154639175257732
0.06666666666666667
0.09345794392523364
0.0380952380952381
0.0880503144654088
0.0297029702970297
0.087248322147651
0.01282051282051282
0.10619469026548672
0.05
0.07272727272727272
0.08264462809917356
0.08666666666666667
0.03636363636363636
0.05194805194805195
0.05042016806722689
0.06521739130434782
0.05555555555555555
0.05263157894736842
0.04132231404958678
0.042105263157894736
0.018518518518518517
0.06862745098039216
0.058823529411764705
0.010869565217391304
0.04716981132075472
0.06481481481481481
0.03296703296703297
0.06306306306306306
0.04081632653061224
0.10101010101010101
0.08450704225352113
0.07079646017699115
0.08695652173913043
0.06206896551724138
0.12121212121212122
0.03333333333333333
0.0
0.03260869565217391
0.07751937984496124
0.03260869565217391
0.02531645569620253
0.05504587155963303
0.0273972602739726
0.0821917808219178
0.07017543859649122
0.12048192771084337
0.03773584905660377
0.0
0.018867924528301886
0.10679611650485436
0.061855670103092786
0.043478260869565216
0.02
0.08029197080291971
0.025423728813559324
0.018518518518518517
0.03296703296703297
0.02631578947368421
0.09929078014184398
0.07547169811320754
0.028169014084507043
0.06870229007633588
0.04918032786885246
0.058823529411764705
0.014285714285714285
0.08333333333333333
0.1415929203539823
0.10344827586206896
0.11956521739130435
0.09322033898305085
0.05128205128205128
0.0625
0.1125
0.11235955056179775
0.08
0.023529411764705882
0.023255813953488372
0.03968253968253968
0.09701492537313433
0.058823529411764705
0.07291666666666667
0.030612244897959183
0.07272727272727272
0.0891089108910891
0.05405405405405406
0.06140350877192982
0.0
0.014084507042253521
0.08620689655172414
0.05952380952380952
0.0449438202247191
0.04395604395604396
0.03296703296703297
0.02127659574468085
0.025
0.06930693069306931
0.0425531914893617
0.046875
0.021739130434782608
0.040268456375838924
0.021505376344086023
0.07042253521126761
0.08080808080808081
0.0136986301369863
0.05172413793103448
0.021052631578947368
0.023255813953488372
0.06622516556291391
0.041237113402061855
0.056910569105691054
0.012658227848101266
0.050505050505050504
0.09774436090225563
0.04040404040404041
0.038834951456310676
0.05785123966942149
0.09774436090225563
0.0392156862745098
0.09090909090909091
0.058333333333333334
0.09090909090909091
0.06382978723404255
0.08064516129032258
0.02666666666666667
0.1103448275862069
0.011494252873563218
0.05172413793103448
0.0963855421686747
0.041666666666666664
0.021505376344086023
0.058823529411764705
0.05555555555555555
0.016666666666666666
0.04878048780487805
0.022900763358778626
0.07894736842105263
0.06382978723404255
0.08256880733944955
0.018867924528301886
0.06086956521739131
0.059322033898305086
0.047619047619047616
0.10909090909090909
0.08547008547008547
0.08547008547008547
0.08791208791208792
0.07692307692307693
0.05737704918032787
0.09210526315789473
0.07368421052631578
0.0390625
0.09243697478991597
0.019230769230769232
0.09448818897637795
0.012048192771084338
0.07547169811320754
0.09523809523809523
0.06711409395973154
0.05128205128205128
0.0196078431372549
0.06299212598425197
0.05982905982905983
0.06862745098039216
0.0784313725490196
0.07920792079207921
0.06451612903225806
0.058823529411764705
0.023255813953488372
0.015151515151515152
0.07751937984496124
0.01639344262295082
0.07339449541284404
0.018867924528301886
0.04672897196261682
0.07216494845360824
0.05673758865248227
0.05511811023622047
0.18421052631578946
0.050505050505050504
0.08633093525179857
0.04878048780487805
0.08
0.022727272727272728
0.07142857142857142
0.14965986394557823
0.03076923076923077
0.07272727272727272
0.0410958904109589
0.05714285714285714
0.0547945205479452
0.07317073170731707
0.1
0.07407407407407407
0.05660377358490566
0.01694915254237288
0.03076923076923077
0.0
0.06956521739130435
0.015625
0.08641975308641975
0.0898876404494382
0.08490566037735849
0.052083333333333336
0.11267605633802817
0.0273972602739726
0.1
0.0
0.061855670103092786
0.10294117647058823
0.03333333333333333
0.041237113402061855
0.14150943396226415
0.09090909090909091
0.07575757575757576
0.010869565217391304
0.11627906976744186
0.10526315789473684
0.07777777777777778
0.08333333333333333
0.075
0.018867924528301886
0.06976744186046512
0.0
0.041237113402061855
0.025
0.0625
0.041237113402061855
0.047619047619047616
0.1188118811881188
0.011904761904761904
0.057692307692307696
0.018518518518518517
0.0784313725490196
0.09375
0.08333333333333333
0.07352941176470588
0.112
0.11320754716981132
0.08695652173913043
0.021739130434782608
0.07377049180327869
0.06315789473684211
0.18018018018018017
0.0
0.09302325581395349
0.1259259259259259
0.017241379310344827
0.09174311926605505
0.025
0.25287356321839083
0.15730337078651685
0.04938271604938271
0.04938271604938271
0.05952380952380952
0.05194805194805195
0.08433734939759036
0.07272727272727272
0.10714285714285714
0.024096385542168676
0.07368421052631578
0.12413793103448276
0.06837606837606838
0.05128205128205128
0.061946902654867256
0.010101010101010102
0.15625
0.08
0.05714285714285714
0.0273972602739726
0.014705882352941176
0.0673076923076923
0.08888888888888889
0.09259259259259259
0.011627906976744186
0.013333333333333334
0.013513513513513514
0.06930693069306931
0.12087912087912088
0.09859154929577464
0.08870967741935484
0.037037037037037035
0.013513513513513514
0.06349206349206349
0.06451612903225806
0.029850746268656716
0.06451612903225806
0.024691358024691357
0.04504504504504504
0.06578947368421052
0.07142857142857142
0.011494252873563218
0.05333333333333334
0.09345794392523364
0.05263157894736842
0.07317073170731707
0.07526881720430108
0.017543859649122806
0.014285714285714285
0.037037037037037035
0.037037037037037035
0.02531645569620253
0.02564102564102564
0.11363636363636363
0.058823529411764705
0.04950495049504951
0.11504424778761062
0.1
0.02857142857142857
0.0625
0.11475409836065574
0.058823529411764705
0.0
0.04807692307692308
0.046296296296296294
0.10112359550561797
0.02631578947368421
0.10975609756097561
0.009433962264150943
0.10714285714285714
0.0821917808219178
0.10909090909090909
0.09183673469387756
0.07058823529411765
0.04395604395604396
0.052083333333333336
0.04854368932038835
0.05555555555555555
0.03361344537815126
0.10526315789473684
0.05660377358490566
0.09433962264150944
0.07407407407407407
0.0975609756097561
0.14728682170542637
0.08053691275167785
0.014084507042253521
0.06796116504854369
0.017699115044247787
0.09285714285714286
0.03529411764705882
0.0
0.03571428571428571
0.08490566037735849
0.025974025974025976
0.13043478260869565
0.08823529411764706
0.013513513513513514
0.02631578947368421
0.013157894736842105
0.050505050505050504
0.011764705882352941
0.06896551724137931
0.09649122807017543
0.0594059405940594
0.03409090909090909
0.07142857142857142
0.02857142857142857
0.08888888888888889
0.046511627906976744
0.0425531914893617
0.07476635514018691
0.046875
0.08
0.04938271604938271
0.1553398058252427
0.09302325581395349
0.08421052631578947
0.009523809523809525
0.029411764705882353
0.12418300653594772
0.08163265306122448
0.072
0.06097560975609756
0.033707865168539325
0.09219858156028368
0.096
0.09210526315789473
0.17037037037037037
0.12222222222222222
0.0660377358490566
0.1111111111111111
0.0
0.075
0.08333333333333333
0.011904761904761904
0.022988505747126436
0.07894736842105263
0.01098901098901099
0.0990990990990991
0.034482758620689655
0.06837606837606838
0.016129032258064516
0.1702127659574468
0.0673076923076923
0.014492753623188406
0.023529411764705882
0.12359550561797752
0.06
0.07446808510638298
0.011363636363636364
0.08653846153846154
0.039603960396039604
0.08791208791208792
0.07692307692307693
0.1134020618556701
0.05982905982905983
0.06097560975609756
0.06862745098039216
0.06172839506172839
0.13445378151260504
0.041666666666666664
0.10909090909090909
0.02702702702702703
0.0410958904109589
0.11891891891891893
0.03125
0.08571428571428572
0.0625
0.04
0.047619047619047616
0.05194805194805195
0.11764705882352941
0.038834951456310676
0.1223021582733813
0.04054054054054054
0.06382978723404255
0.08421052631578947
0.06172839506172839
0.09411764705882353
0.04
0.0873015873015873
0.012345679012345678
0.09482758620689655
0.0273972602739726
0.023809523809523808
0.0136986301369863
0.061224489795918366
0.0
0.05319148936170213
0.056818181818181816
0.0425531914893617
0.05357142857142857
0.12612612612612611
0.11570247933884298
0.10880829015544041
0.0379746835443038
0.04672897196261682
0.05128205128205128
0.12941176470588237
0.050505050505050504
0.09
0.0
0.0
0.09166666666666666
0.12345679012345678
0.056818181818181816
0.06481481481481481
0.11594202898550725
0.02197802197802198
0.024096385542168676
0.03225806451612903
0.10526315789473684
0.140625
0.05825242718446602
0.058823529411764705
0.043010752688172046
0.034782608695652174
0.023809523809523808
0.08433734939759036
0.05982905982905983
0.13761467889908258
0.02666666666666667
0.030612244897959183
0.08045977011494253
0.060240963855421686
0.09195402298850575
0.07766990291262135
0.04054054054054054
0.039603960396039604
0.08791208791208792
0.06521739130434782
0.038834951456310676
0.08433734939759036
0.17687074829931973
0.046511627906976744
0.15384615384615385
0.11267605633802817
0.13636363636363635
0.05263157894736842
0.08653846153846154
0.09836065573770492
0.1044776119402985
0.012987012987012988
0.0
0.17985611510791366
0.011627906976744186
0.08653846153846154
0.022727272727272728
0.03669724770642202
0.07692307692307693
0.05263157894736842
0.1
0.04395604395604396
0.1523809523809524
0.16417910447761194
0.09411764705882353
0.07368421052631578
0.011764705882352941
0.05309734513274336
0.05263157894736842
0.015873015873015872
0.14606741573033707
0.05970149253731343
0.07142857142857142
0.0
0.12903225806451613
0.08333333333333333
0.03773584905660377
0.09090909090909091
0.08823529411764706
0.10975609756097561
0.11956521739130435
0.08620689655172414
0.1232876712328767
0.09375
0.09523809523809523
0.09693877551020408
0.1
0.05
0.04878048780487805
0.0
0.13559322033898305
0.08737864077669903
0.010101010101010102
0.03333333333333333
0.09183673469387756
0.05172413793103448
0.09009009009009009
0.11206896551724138
0.04504504504504504
0.046153846153846156
0.13953488372093023
0.11627906976744186
0.11650485436893204
0.14814814814814814
0.04424778761061947
0.0273972602739726
0.11450381679389313
0.08208955223880597
0.10526315789473684
0.08163265306122448
0.06711409395973154
0.08571428571428572
0.04
0.023255813953488372
0.015151515151515152
0.1134020618556701
0.05063291139240506
0.16304347826086957
0.0
0.06349206349206349
0.06837606837606838
0.13580246913580246
0.04938271604938271
0.0859375
0.07874015748031496
0.12408759124087591
0.029411764705882353
0.046511627906976744
0.05357142857142857
0.1523809523809524
0.04
0.0782608695652174
0.1510791366906475
0.12598425196850394
0.027777777777777776
0.08256880733944955
0.08737864077669903
0.061855670103092786
0.061224489795918366
0.04950495049504951
0.04838709677419355
0.1836734693877551
0.10112359550561797
0.03636363636363636
0.03896103896103896
0.14049586776859505
0.05454545454545454
0.12337662337662338
0.024390243902439025
0.16535433070866143
0.10810810810810811
0.05555555555555555
0.07777777777777778
0.11486486486486487
0.060240963855421686
0.10869565217391304
0.08396946564885496
0.07042253521126761
0.1111111111111111
0.015151515151515152
0.03529411764705882
0.018518518518518517
0.02564102564102564
0.10714285714285714
0.012658227848101266
0.042735042735042736
0.04477611940298507
0.011494252873563218
0.08
0.050505050505050504
0.08695652173913043
0.08333333333333333
0.07766990291262135
0.06870229007633588
0.1282051282051282
0.0847457627118644
0.09016393442622951
0.10833333333333334
0.07766990291262135
0.11464968152866242
0.13740458015267176
0.07142857142857142
0.08139534883720931
0.1592920353982301
0.03529411764705882
0.07936507936507936
0.02
0.08695652173913043
0.09941520467836257
0.012658227848101266
0.09401709401709402
0.046153846153846156
0.025
0.07207207207207207
0.16037735849056603
0.07086614173228346
0.17592592592592593
0.0989010989010989
0.04395604395604396
0.013513513513513514
0.053763440860215055
0.11290322580645161
0.04225352112676056
0.07462686567164178
0.08450704225352113
0.021739130434782608
0.05555555555555555
0.06382978723404255
0.10576923076923077
0.058823529411764705
0.14634146341463414
0.0859375
0.0625
0.08695652173913043
0.06862745098039216
0.12
0.052083333333333336
0.0
0.0
0.05343511450381679
0.06329113924050633
0.06153846153846154
0.056818181818181816
0.025
0.03125
0.0
0.024691358024691357
0.08
0.05952380952380952
0.1111111111111111
0.0625
0.06382978723404255
0.10666666666666667
0.0
0.08433734939759036
0.12307692307692308
0.03225806451612903
0.012987012987012988
0.03225806451612903
0.07526881720430108
0.046511627906976744
0.08139534883720931
0.07964601769911504
0.05555555555555555
0.015384615384615385
0.11842105263157894
0.05154639175257732
0.022988505747126436
0.047619047619047616
0.04477611940298507
0.047058823529411764
0.09574468085106383
0.07526881720430108
0.014705882352941176
0.07446808510638298
0.047619047619047616
0.075
0.039603960396039604
0.015625
0.0
0.033707865168539325
0.07216494845360824
0.044444444444444446
0.029411764705882353
0.041666666666666664
0.06451612903225806
0.061224489795918366
0.0673076923076923
0.0784313725490196
0.10227272727272728
0.0
0.0
0.05504587155963303
0.03389830508474576
0.013513513513513514
0.09333333333333334
0.09322033898305085
0.06172839506172839
0.025
0.043010752688172046
0.03614457831325301
0.06315789473684211
0.043478260869565216
0.034482758620689655
0.034482758620689655
0.09734513274336283
0.14912280701754385
0.010869565217391304
0.02666666666666667
0.08536585365853659
0.06451612903225806
0.04054054054054054
0.012345679012345678
0.044444444444444446
0.0425531914893617
0.028985507246376812
0.02531645569620253
0.08955223880597014
0.04
0.017543859649122806
0.11538461538461539
0.030303030303030304
0.061224489795918366
0.0684931506849315
0.03333333333333333
0.07766990291262135
0.1411764705882353
0.02531645569620253
0.028985507246376812
0.03508771929824561
0.011363636363636364
0.06666666666666667
0.03636363636363636
0.10344827586206896
0.08695652173913043
0.012345679012345678
0.03260869565217391
0.042105263157894736
0.013333333333333334
0.059322033898305086
0.05333333333333334
0.056179775280898875
0.02857142857142857
0.053763440860215055
0.043010752688172046
0.05154639175257732
0.08888888888888889
0.08928571428571429
0.11965811965811966
0.010869565217391304
0.09448818897637795
0.014492753623188406
0.08849557522123894
0.0625
0.0
0.02654867256637168
0.07766990291262135
0.025974025974025976
0.027777777777777776
0.017543859649122806
0.11688311688311688
0.018867924528301886
0.034482758620689655
0.08602150537634409
0.038461538461538464
0.04081632653061224
0.05
0.024096385542168676
0.0
0.013888888888888888
0.031578947368421054
0.05
0.04081632653061224
0.08695652173913043
0.03773584905660377
0.0125
0.06666666666666667
0.038461538461538464
0.08163265306122448
0.017543859649122806
0.05555555555555555
0.02857142857142857
0.01818181818181818
0.04225352112676056
0.028169014084507043
0.07058823529411765
0.056074766355140186
0.043478260869565216
0.03614457831325301
0.0707070707070707
0.08602150537634409
0.024390243902439025
0.028169014084507043
0.13559322033898305
0.09016393442622951
0.09411764705882353
0.08045977011494253
0.012195121951219513
0.08035714285714286
0.017543859649122806
0.07042253521126761
0.06451612903225806
0.06930693069306931
0.033707865168539325
0.10227272727272728
0.020202020202020204
0.08620689655172414
0.022222222222222223
0.05194805194805195
0.04395604395604396
0.08849557522123894
0.014925373134328358
0.03125
0.056451612903225805
0.0
0.08333333333333333
0.037037037037037035
0.10810810810810811
0.07462686567164178
0.11023622047244094
0.05128205128205128
0.0743801652892562
0.060240963855421686
0.041666666666666664
0.023809523809523808
0.06818181818181818
0.0
0.06741573033707865
0.04819277108433735
0.10909090909090909
0.05154639175257732
0.04040404040404041
0.053763440860215055
0.10256410256410256
0.0425531914893617
0.06086956521739131
0.04819277108433735
0.037383177570093455
0.058823529411764705
0.06172839506172839
0.03571428571428571
0.14285714285714285
0.04
0.0
0.06363636363636363
0.0625
0.09195402298850575
0.011627906976744186
0.07920792079207921
0.08771929824561403
0.024691358024691357
0.06172839506172839
0.020618556701030927
0.09859154929577464
0.0410958904109589
0.07608695652173914
0.05982905982905983
0.10810810810810811
0.21428571428571427
0.05217391304347826
0.07920792079207921
0.0625
0.013513513513513514
0.029411764705882353
0.0641025641025641
0.07526881720430108
0.010638297872340425
0.16049382716049382
0.08235294117647059
0.10526315789473684
0.06060606060606061
0.058823529411764705
0.029850746268656716
0.036585365853658534
0.025
0.06666666666666667
0.08955223880597014
0.050505050505050504
0.043478260869565216
0.024691358024691357
0.03529411764705882
0.08823529411764706
0.025974025974025976
0.020833333333333332
0.0625
0.0136986301369863
0.0
0.06521739130434782
0.016666666666666666
0.06363636363636363
0.06593406593406594
0.05
0.045454545454545456
0.043010752688172046
0.13924050632911392
0.0
0.07407407407407407
