0.5336570916976966
1.0
0.23701690821256038
0.4791025641025641
0.9999999999999998
0.9999999999999998
0.9999999999999998
0.0652046783625731
0.9999999999999998
1.0
1.0
0.019230769230769232
0.8110119047619048
1.0
1.0
0.7916666666666666
0.16666666666666666
0.08563218390804597
1.0
1.0
0.23585858585858585
1.0
1.0
1.0
1.0
1.0
1.0
1.0
0.9010746251114972
0.25
0.617435064935065
1.0
0.9999999999999999
0.9999999999999998
1.0
1.0
0.41666666666666663
1.0
0.5251189345437975
0.2529423375288037
0.7083333333333333
0.43162430866235213
1.0
0.015151515151515152
0.1853099493385871
1.0
1.0
1.0
0.125
1.0
1.0
1.0
0.3076984126984127
0.9999999999999998
0.9999999999999998
1.0
0.554945054945055
0.8458333333333332
0.9999999999999998
0.25
1.0
0.405130738826391
0.9999999999999999
1.0
1.0
0.7083333333333333
1.0
1.0
0.14728163992869875
1.0
0.6097251077515541
0.125
0.10494505494505495
1.0
1.0
0.9999999999999998
1.0
0.0625
0.2482142857142857
0.9204545454545454
0.589021164021164
1.0
1.0
0.9999999999999998
1.0
0.125
0.9999999999999998
1.0
1.0
1.0
1.0
0.17268518518518516
0.044090519090519094
0.4065285409035409
1.0
0.6663888888888889
1.0
1.0
0.9999999999999998
0.1
1.0
1.0
0.27363378921802833
1.0
0.33769841269841266
0.5643939393939394
0.3054164029602626
0.5868055555555556
1.0
1.0
0.4961904761904762
1.0
1.0
0.13680555555555557
0.6201190476190476
1.0
1.0
1.0
0.16666666666666666
0.0869047619047619
1.0
1.0
0.7916666666666666
0.3280228758169934
1.0
0.4392388203662713
1.0
1.0
0.13680555555555557
0.6130952380952381
0.5777777777777777
0.21872860255213197
0.8674596048034545
1.0
0.1921215236757833
1.0
0.7747619047619048
1.0000000000000002
0.9999999999999999
1.0
0.8280045351473921
0.6065107824506321
0.05
0.05555555555555555
1.0
0.25
1.0
0.6630952380952381
0.6004535147392289
0.6919047619047619
0.9999999999999998
0.41666666666666663
1.0
0.03571428571428571
1.0
1.0000000000000002
1.0
1.0
0.5003520706528225
0.24645562770562768
1.0
0.125
0.6333333333333333
0.029411764705882353
1.0
0.9999999999999998
1.0
1.0
1.0
1.0
0.6422619047619047
0.6512845849802371
1.0
1.0
0.6422619047619047
0.3291565452091768
0.4603641456582633
1.0
0.029411764705882353
1.0
1.0000000000000002
0.5686507936507936
1.0
0.9999999999999998
1.0
0.22759766401070747
1.0
1.0
0.22777777777777777
0.4148629148629148
