0.5437793368611524
0.1701388888888889
1.0
1.0
0.7916666666666666
1.0
1.0
1.0
0.06170343137254902
0.125
0.9999999999999998
0.2093115218115218
0.47297619047619044
0.47002233877233873
1.0
0.125
0.7916666666666666
0.9999999999999998
0.65
1.0
0.6077692087754006
1.0
1.0
1.0
0.12614919022039767
0.9999999999999998
0.125
1.0000000000000002
0.25
0.125
0.9742063492063491
0.8969579332775928
1.0
1.0
0.9999999999999998
0.4611111111111111
1.0
0.9999999999999998
0.07896825396825397
1.0
1.0
0.9999999999999998
0.9999999999999999
0.08333333333333333
1.0
0.3392045454545455
0.9845112953846089
1.0
0.5616668054168055
1.0
0.03902116402116402
1.0
0.1611111111111111
0.9999999999999999
0.25
1.0000000000000002
1.0
0.7911111111111111
0.8416539709272315
1.0
0.1
0.4813167281896249
0.9999999999999998
0.07142857142857142
1.0
0.20277777777777778
0.7888287638287639
1.0
0.7083333333333333
0.9999999999999998
0.9213169766741194
0.5514418752615348
1.0
0.0625
0.06034080298786181
1.0
1.0
0.12969697591449217
0.5917460317460317
0.1
1.0
0.9999999999999998
0.039230769230769236
0.36174913064231945
1.0
1.0
0.10170454545454546
0.08202214452214451
0.6393650793650794
0.16666666666666666
0.29166666666666663
0.9999999999999998
0.25
0.16666666666666666
1.0
1.0
1.0
0.24583333333333335
0.9999999999999998
0.9999999999999998
0.9999999999999998
0.9999999999999998
0.25
0.16666666666666666
0.1987373737373737
1.0
0.29523809523809524
0.7222974669665846
1.0
0.5138888888888888
0.4611111111111111
0.28276442368547633
0.125
0.1876262626262626
1.0
1.0
0.9999999999999998
0.1855146957915308
0.06458333333333333
1.0
1.0
0.33722486663663137
0.7451282051282051
1.0
0.0625
1.0
1.0
1.0
0.03571428571428571
0.0625
0.4783601319315605
0.22189588189588186
0.9999999999999998
1.0000000000000002
0.9999999999999998
1.0
0.0625
0.6669781647851822
0.05555555555555555
0.9999999999999998
0.025
1.0
0.5791666666666666
0.1842948717948718
0.7083333333333333
0.14810941230252378
0.04794973544973545
1.0
0.16666666666666666
1.0
0.276984126984127
1.0
0.9999999999999998
1.0
1.0
1.0
1.0
0.03333333333333333
1.0
1.0
0.2472681085676775
0.25
0.9999999999999998
0.3516865079365079
1.0
0.3471075221075221
1.0
1.0
1.0
1.0
1.0
0.29166666666666663
1.0
1.0
0.045454545454545456
1.0
0.05
1.0
0.2875
0.9999999999999998
0.9999999999999998
0.8944444444444444
0.7754583555590229
1.0
0.03125
1.0
0.4700854700854701
0.08716736694677871
1.0
0.9999999999999998
1.0
0.041666666666666664
0.16539387560185523
0.1
1.0000000000000002
