0.41537022898775694
0.5222816399286988
0.1574915824915825
0.39469696969696966
1.0
0.9296865959493597
1.0
0.9999999999999998
0.43194444444444446
0.3092261904761905
0.3408204280132492
0.25
0.0625
0.26745971717079453
0.014705882352941176
0.9626382626940476
0.1393746016886749
0.6580952380952381
0.9999999999999998
1.0000000000000002
0.9999999999999998
0.1001984126984127
0.5384615384615384
0.37834915931321156
0.08333333333333333
1.0
0.43134224450013925
1.0
0.9999999999999998
0.10616883116883118
0.2623560135516657
0.12777777777777777
1.0
0.9999999999999998
1.0
0.35500730994152047
1.0
0.6236888111888113
0.17632275132275133
0.9999999999999998
1.0
0.09435425685425686
1.0
0.9999999999999998
0.9999999999999998
1.0
0.6130952380952381
0.08333333333333333
0.2501082251082251
1.0
0.225
1.0
0.9999999999999999
1.0
0.07142857142857142
1.0
1.0
0.9999999999999998
1.0
1.0
0.9999999999999998
1.0
1.0
0.041666666666666664
0.7552579365079365
1.0
1.0
1.0
0.2309523809523809
0.056368363437328955
0.27569444444444446
0.08432087739152958
0.9999999999999998
1.0
1.0
0.03333333333333333
0.03125
0.16790052017874596
0.7083333333333333
0.9999999999999998
0.9999999999999998
0.05555555555555555
0.43204116633436923
0.9999999999999998
0.9999999999999998
0.8527865737040333
0.54375
0.26259180634180634
1.0
0.8848530486909523
0.07628676470588236
0.10616883116883118
1.0
0.1
0.18489689450146723
1.0
1.0
1.0
1.0
1.0000000000000002
1.0
0.9999999999999999
0.07994505494505494
1.0000000000000002
1.0
1.0
0.5916666666666667
1.0
1.0
1.0
1.0
0.05286377708978328
0.30458875516882056
0.7666666666666666
1.0
0.07202380952380952
0.9999999999999998
0.6130952380952381
1.0
1.0000000000000002
1.0000000000000002
0.018518518518518517
0.09545454545454546
1.0
0.5434000777008359
0.74364836214037
1.0000000000000002
0.9999999999999998
0.3435019841269841
0.8708333333333333
0.1655805547109895
0.697922502334267
1.0
0.17350410606653036
0.15110408597250702
1.0000000000000002
1.0
0.9453972663780275
0.13656655844155843
1.0
1.0
0.22880563309853447
0.3105024605024605
1.0
0.01282051282051282
0.2267305407011289
0.1
0.2967906859713582
1.0
0.1871618903971845
1.0
0.02631578947368421
1.0
0.5592948717948718
1.0
0.82324731231975
1.0
0.029411764705882353
0.17637409495962125
0.9999999999999998
0.1846450758316884
1.0
1.0
0.26884920634920634
0.4026862026862027
0.3570183982683982
0.2981317293817294
0.25
0.42973484848484844
0.08333333333333333
0.25
0.16666666666666666
0.3333333333333333
0.43596692219975963
0.23124999999999996
0.8163095238095238
1.0
0.2929327511568891
0.6333333333333333
1.0
0.4775974025974026
0.0625
0.9033746455491973
0.9999999999999998
1.0
0.16829758219077107
0.9999999999999998
1.0
