0.375
0.48484848484848486
0.05555555555555555
0.16666666666666666
0.625
0.6
0.7916666666666666
0.0625
0.782608695652174
0.3333333333333333
0.7586206896551724
0.0
0.2727272727272727
0.1
0.6666666666666666
0.1111111111111111
0.047619047619047616
0.05263157894736842
0.631578947368421
0.14285714285714285
0.12
0.4444444444444444
0.8333333333333334
0.8947368421052632
0.6666666666666666
0.7142857142857143
0.3333333333333333
0.6
0.7
0.14285714285714285
0.16
0.09090909090909091
0.6875
0.5652173913043478
0.8333333333333334
0.6363636363636364
0.10526315789473684
0.7777777777777778
0.6842105263157895
0.2222222222222222
0.2
0.2857142857142857
0.23529411764705882
0.045454545454545456
0.13043478260869565
0.7272727272727273
0.7368421052631579
0.5769230769230769
0.08333333333333333
0.7777777777777778
0.25
0.7428571428571429
0.5
0.5
0.5714285714285714
0.5
0.13333333333333333
0.5454545454545454
0.625
0.0
0.5
0.125
0.6451612903225806
0.3548387096774194
0.5454545454545454
0.16666666666666666
0.7
0.7
0.03333333333333333
0.14285714285714285
0.25925925925925924
0.0
0.11764705882352941
0.0
0.37209302325581395
0.75
0.6
0.1111111111111111
0.23529411764705882
0.4166666666666667
0.5555555555555556
0.25
0.6666666666666666
0.5416666666666666
0.8
0.0
0.5
0.48
0.7222222222222222
0.0
0.3333333333333333
0.13333333333333333
0.06451612903225806
0.18518518518518517
0.8333333333333334
0.4166666666666667
0.5
0.14285714285714285
0.625
0.07692307692307693
0.0625
0.6538461538461539
0.19230769230769232
0.16666666666666666
0.5
0.0
0.15
0.10526315789473684
0.1111111111111111
0.8461538461538461
0.19047619047619047
0.5
0.7272727272727273
0.0
0.4444444444444444
0.6153846153846154
0.5925925925925926
0.8461538461538461
0.0
0.125
0.16666666666666666
0.7142857142857143
0.07692307692307693
0.11764705882352941
0.6785714285714286
0.5
0.75
0.6666666666666666
0.0
0.18181818181818182
0.0
0.11538461538461539
0.84375
0.0
0.14285714285714285
0.1
0.2857142857142857
0.7317073170731707
0.7692307692307693
0.0
0.6
0.18181818181818182
0.047619047619047616
0.058823529411764705
0.08333333333333333
0.07142857142857142
0.0
0.8571428571428571
0.6
0.23809523809523808
0.8
0.16666666666666666
0.3333333333333333
0.08333333333333333
0.7142857142857143
0.7272727272727273
0.5777777777777777
0.47368421052631576
0.3333333333333333
0.23076923076923078
0.6153846153846154
0.2
0.1111111111111111
0.047619047619047616
0.8181818181818182
0.6216216216216216
0.6666666666666666
0.5333333333333333
0.7647058823529411
0.3333333333333333
0.16666666666666666
0.16
0.5428571428571428
0.09090909090909091
0.25
0.05263157894736842
0.058823529411764705
0.0
0.09090909090909091
0.6666666666666666
0.7692307692307693
0.14285714285714285
0.7272727272727273
0.625
0.08333333333333333
0.125
0.0
0.6764705882352942
0.17647058823529413
0.13636363636363635
