0.5
0.0
0.5714285714285714
0.5384615384615384
0.058823529411764705
0.5
0.625
0.5263157894736842
0.0
0.1
0.5
0.1875
0.5555555555555556
0.3333333333333333
0.5263157894736842
0.08333333333333333
0.3333333333333333
0.5625
0.2857142857142857
0.5263157894736842
0.38095238095238093
0.625
0.5384615384615384
0.5384615384615384
0.13043478260869565
0.5652173913043478
0.0
0.6190476190476191
0.0
0.14285714285714285
0.4166666666666667
0.6666666666666666
0.5588235294117647
0.0
0.6153846153846154
0.15
0.5
0.5
0.08695652173913043
0.5
0.6
0.5625
0.625
0.07142857142857142
0.4444444444444444
0.23529411764705882
0.8
0.625
0.5
0.6666666666666666
0.043478260869565216
0.4
0.18181818181818182
0.5777777777777777
0.047619047619047616
0.5238095238095238
0.5263157894736842
0.25
0.45454545454545453
0.6
0.14285714285714285
0.2857142857142857
0.5652173913043478
0.2
0.6363636363636364
0.1
0.5714285714285714
0.6666666666666666
0.125
0.5
0.6428571428571429
0.6
0.3333333333333333
0.07142857142857142
0.14285714285714285
0.5555555555555556
0.4444444444444444
0.07407407407407407
0.4166666666666667
0.125
0.6666666666666666
0.5789473684210527
0.0
0.375
0.6
0.5588235294117647
0.05
0.08695652173913043
0.25
0.3333333333333333
0.16666666666666666
0.5
0.07692307692307693
0.0625
0.36363636363636365
0.6363636363636364
0.5384615384615384
0.13333333333333333
0.5666666666666667
0.6052631578947368
0.5333333333333333
0.5625
0.0
0.08333333333333333
0.09090909090909091
0.5
0.2222222222222222
0.7142857142857143
0.6
0.2
0.375
0.28
0.09090909090909091
0.09090909090909091
0.6
0.5
0.5652173913043478
0.15
0.07692307692307693
0.625
0.5588235294117647
0.3157894736842105
0.2857142857142857
0.45454545454545453
0.14285714285714285
0.42857142857142855
0.4444444444444444
0.5
0.0
0.0
0.35
0.08333333333333333
0.6216216216216216
0.5454545454545454
0.5
0.25
0.09090909090909091
0.4375
0.0
0.5
0.0
0.4444444444444444
0.2222222222222222
0.09090909090909091
0.15384615384615385
0.2
0.0
0.0
0.0
0.5
0.3333333333333333
0.6
0.5
0.5
0.5384615384615384
0.5517241379310345
0.6470588235294118
0.03225806451612903
0.6111111111111112
0.7142857142857143
0.2
0.0
0.5
0.1111111111111111
0.4444444444444444
0.5
0.5588235294117647
0.5
0.5263157894736842
0.5384615384615384
0.45454545454545453
0.18181818181818182
0.1111111111111111
0.4444444444444444
0.05555555555555555
0.3333333333333333
0.045454545454545456
0.6
0.4
0.5625
0.631578947368421
0.45454545454545453
0.5652173913043478
0.5555555555555556
0.05
0.5
0.2
0.10526315789473684
0.42857142857142855
0.5333333333333333
0.5384615384615384
0.058823529411764705
0.125
0.0
0.6190476190476191
